71 37 0 0
-0.316644869601 0.948544196908 0.000000000000 -0.948544196908 -0.316644869601 0.000000000000 0.000000000000 0.000000000000 1.000000000000 -0.998701104121 -0.050959830569 0.000000000000 0.050959830569 -0.998701104121 0.000000000000 0.000000000000 0.000000000000 1.000000000000 -0.462779308800 0.886473564354 0.000000000000 -0.886473564354 -0.462779308800 0.000000000000 0.000000000000 0.000000000000 1.000000000000 1.000000000000 0.000000000000 0.000000000000 0.000000000000 1.000000000000 0.000000000000 0.000000000000 0.000000000000 1.000000000000 2.166959075161 
-0.297171954874 0.954824001831 0.000000000000 -0.954824001831 -0.297171954874 0.000000000000 0.000000000000 0.000000000000 1.000000000000 -0.998026947425 -0.062787585962 0.000000000000 0.062787585962 -0.998026947425 0.000000000000 0.000000000000 0.000000000000 1.000000000000 -0.454510817786 0.890741218562 0.000000000000 -0.890741218562 -0.454510817786 0.000000000000 0.000000000000 0.000000000000 1.000000000000 1.000000000000 0.000000000000 0.000000000000 0.000000000000 1.000000000000 0.000000000000 0.000000000000 0.000000000000 1.000000000000 2.136062965421 
-0.277635792719 0.960686426898 0.000000000000 -0.960686426898 -0.277635792719 0.000000000000 0.000000000000 0.000000000000 1.000000000000 -0.997250189093 -0.074108880967 0.000000000000 0.074108880967 -0.997250189093 0.000000000000 0.000000000000 0.000000000000 1.000000000000 -0.446185805714 0.894940349284 0.000000000000 -0.894940349284 -0.446185805714 0.000000000000 0.000000000000 0.000000000000 1.000000000000 1.000000000000 0.000000000000 0.000000000000 0.000000000000 1.000000000000 0.000000000000 0.000000000000 0.000000000000 1.000000000000 2.104927529240 
-0.258032906599 0.966136151143 0.000000000000 -0.966136151143 -0.258032906599 0.000000000000 0.000000000000 0.000000000000 1.000000000000 -0.996386922067 -0.084930354469 0.000000000000 0.084930354469 -0.996386922067 0.000000000000 0.000000000000 0.000000000000 1.000000000000 -0.437799847401 0.899072464097 0.000000000000 -0.899072464097 -0.437799847401 0.000000000000 0.000000000000 0.000000000000 1.000000000000 1.000000000000 0.000000000000 0.000000000000 0.000000000000 1.000000000000 0.000000000000 0.000000000000 0.000000000000 1.000000000000 2.073559630287 
-0.238359773906 0.971176946303 0.000000000000 -0.971176946303 -0.238359773906 0.000000000000 0.000000000000 0.000000000000 1.000000000000 -0.995452694951 -0.095257513458 0.000000000000 0.095257513458 -0.995452694951 0.000000000000 0.000000000000 0.000000000000 1.000000000000 -0.429348498824 0.903138897812 0.000000000000 -0.903138897812 -0.429348498824 0.000000000000 0.000000000000 0.000000000000 1.000000000000 1.000000000000 0.000000000000 0.000000000000 0.000000000000 1.000000000000 0.000000000000 0.000000000000 0.000000000000 1.000000000000 2.041965517328 
-0.218612908599 0.975811681957 0.000000000000 -0.975811681957 -0.218612908599 0.000000000000 0.000000000000 0.000000000000 1.000000000000 -0.994462253473 -0.105094656330 0.000000000000 0.105094656330 -0.994462253473 0.000000000000 0.000000000000 0.000000000000 1.000000000000 -0.420827355178 0.907140749518 0.000000000000 -0.907140749518 -0.420827355178 0.000000000000 0.000000000000 0.000000000000 1.000000000000 1.000000000000 0.000000000000 0.000000000000 0.000000000000 1.000000000000 0.000000000000 0.000000000000 0.000000000000 1.000000000000 2.010150723803 
-0.197987193875 0.980204632468 0.000000000000 -0.980204632468 -0.197987193875 0.000000000000 0.000000000000 0.000000000000 1.000000000000 -0.993470622730 -0.114088494964 0.000000000000 0.114088494964 -0.993470622730 0.000000000000 0.000000000000 0.000000000000 1.000000000000 -0.413112735707 0.910679894228 0.000000000000 -0.910679894228 -0.413112735707 0.000000000000 0.000000000000 0.000000000000 1.000000000000 1.000000000000 0.000000000000 0.000000000000 0.000000000000 1.000000000000 0.000000000000 0.000000000000 0.000000000000 1.000000000000 1.978504373025 
-0.177324552177 0.984152454036 0.000000000000 -0.984152454036 -0.177324552177 0.000000000000 0.000000000000 0.000000000000 1.000000000000 -0.992458119072 -0.122584434468 0.000000000000 0.122584434468 -0.992458119072 0.000000000000 0.000000000000 0.000000000000 1.000000000000 -0.405311941975 0.914178446486 0.000000000000 -0.914178446486 -0.405311941975 0.000000000000 0.000000000000 0.000000000000 1.000000000000 1.000000000000 0.000000000000 0.000000000000 0.000000000000 1.000000000000 0.000000000000 0.000000000000 0.000000000000 1.000000000000 1.946688195818 
-0.156622127305 0.987658624315 0.000000000000 -0.987658624315 -0.156622127305 0.000000000000 0.000000000000 0.000000000000 1.000000000000 -0.991437013136 -0.130586024619 0.000000000000 0.130586024619 -0.991437013136 0.000000000000 0.000000000000 0.000000000000 1.000000000000 -0.397420843111 0.917636461772 0.000000000000 -0.917636461772 -0.397420843111 0.000000000000 0.000000000000 0.000000000000 1.000000000000 1.000000000000 0.000000000000 0.000000000000 0.000000000000 1.000000000000 0.000000000000 0.000000000000 0.000000000000 1.000000000000 1.914706236485 
-0.135877170349 0.990725715362 0.000000000000 -0.990725715362 -0.135877170349 0.000000000000 0.000000000000 0.000000000000 1.000000000000 -0.990418923170 -0.138095680491 0.000000000000 0.138095680491 -0.990418923170 0.000000000000 0.000000000000 0.000000000000 1.000000000000 -0.389435315050 0.921053819329 0.000000000000 -0.921053819329 -0.389435315050 0.000000000000 0.000000000000 0.000000000000 1.000000000000 1.000000000000 0.000000000000 0.000000000000 0.000000000000 1.000000000000 0.000000000000 0.000000000000 0.000000000000 1.000000000000 1.882562003085 
-0.115087030652 0.993355436702 0.000000000000 -0.993355436702 -0.115087030652 0.000000000000 0.000000000000 0.000000000000 1.000000000000 -0.989414865100 -0.145114730101 0.000000000000 0.145114730101 -0.989414865100 0.000000000000 0.000000000000 0.000000000000 1.000000000000 -0.381351230162 0.924430225692 0.000000000000 -0.924430225692 -0.381351230162 0.000000000000 0.000000000000 0.000000000000 1.000000000000 1.000000000000 0.000000000000 0.000000000000 0.000000000000 1.000000000000 0.000000000000 0.000000000000 0.000000000000 1.000000000000 1.850258494962 
-0.093478428631 0.995621333614 0.000000000000 -0.995621333614 -0.093478428631 0.000000000000 0.000000000000 0.000000000000 1.000000000000 -0.988493702655 -0.151262231140 0.000000000000 0.151262231140 -0.988493702655 0.000000000000 0.000000000000 0.000000000000 1.000000000000 -0.374031318750 0.927416075020 0.000000000000 -0.927416075020 -0.374031318750 0.000000000000 0.000000000000 0.000000000000 1.000000000000 1.000000000000 0.000000000000 0.000000000000 0.000000000000 1.000000000000 0.000000000000 0.000000000000 0.000000000000 1.000000000000 1.818212845662 
-0.071872734629 0.997413838771 0.000000000000 -0.997413838771 -0.071872734629 0.000000000000 0.000000000000 0.000000000000 1.000000000000 -0.987612770892 -0.156911048875 0.000000000000 0.156911048875 -0.987612770892 0.000000000000 0.000000000000 0.000000000000 1.000000000000 -0.366590322615 0.930382469311 0.000000000000 -0.930382469311 -0.366590322615 0.000000000000 0.000000000000 0.000000000000 1.000000000000 1.000000000000 0.000000000000 0.000000000000 0.000000000000 1.000000000000 0.000000000000 0.000000000000 0.000000000000 1.000000000000 1.786052924920 
-0.050268131660 0.998735785929 0.000000000000 -0.998735785929 -0.050268131660 0.000000000000 0.000000000000 0.000000000000 1.000000000000 -0.986780566609 -0.162062259232 0.000000000000 0.162062259232 -0.986780566609 0.000000000000 0.000000000000 0.000000000000 1.000000000000 -0.359024711170 0.933328056387 0.000000000000 -0.933328056387 -0.359024711170 0.000000000000 0.000000000000 0.000000000000 1.000000000000 1.000000000000 0.000000000000 0.000000000000 0.000000000000 1.000000000000 0.000000000000 0.000000000000 0.000000000000 1.000000000000 1.753780822790 
-0.028663002195 0.999589159135 0.000000000000 -0.999589159135 -0.028663002195 0.000000000000 0.000000000000 0.000000000000 1.000000000000 -0.986005005166 -0.166715903802 0.000000000000 0.166715903802 -0.986005005166 0.000000000000 0.000000000000 0.000000000000 1.000000000000 -0.351330939173 0.936251342051 0.000000000000 -0.936251342051 -0.351330939173 0.000000000000 0.000000000000 0.000000000000 1.000000000000 1.000000000000 0.000000000000 0.000000000000 0.000000000000 1.000000000000 0.000000000000 0.000000000000 0.000000000000 1.000000000000 1.721398228285 
-0.007055924410 0.999975133928 0.000000000000 -0.999975133928 -0.007055924410 0.000000000000 0.000000000000 0.000000000000 1.000000000000 -0.985293436269 -0.170871026751 0.000000000000 0.170871026751 -0.985293436269 0.000000000000 0.000000000000 0.000000000000 1.000000000000 -0.343505446936 0.939150686787 0.000000000000 -0.939150686787 -0.343505446936 0.000000000000 0.000000000000 0.000000000000 1.000000000000 1.000000000000 0.000000000000 0.000000000000 0.000000000000 1.000000000000 0.000000000000 0.000000000000 0.000000000000 1.000000000000 1.688906441695 
0.015246021955 0.999883804068 0.000000000000 -0.999883804068 0.015246021955 0.000000000000 0.000000000000 0.000000000000 1.000000000000 -0.984721740614 -0.174135459988 0.000000000000 0.174135459988 -0.984721740614 0.000000000000 0.000000000000 0.000000000000 1.000000000000 -0.336364036732 0.941732043016 0.000000000000 -0.941732043016 -0.336364036732 0.000000000000 0.000000000000 0.000000000000 1.000000000000 1.000000000000 0.000000000000 0.000000000000 0.000000000000 1.000000000000 0.000000000000 0.000000000000 0.000000000000 1.000000000000 1.656748966411 
0.037489096046 0.999297067740 0.000000000000 -0.999297067740 0.037489096046 0.000000000000 0.000000000000 0.000000000000 1.000000000000 -0.984229526384 -0.176896309811 0.000000000000 0.176896309811 -0.984229526384 0.000000000000 0.000000000000 0.000000000000 1.000000000000 -0.329065479207 0.944307109285 0.000000000000 -0.944307109285 -0.329065479207 0.000000000000 0.000000000000 0.000000000000 1.000000000000 1.000000000000 0.000000000000 0.000000000000 0.000000000000 1.000000000000 0.000000000000 0.000000000000 0.000000000000 1.000000000000 1.624525553307 
0.059673907788 0.998217955133 0.000000000000 -0.998217955133 0.059673907788 0.000000000000 0.000000000000 0.000000000000 1.000000000000 -0.983821249907 -0.179153045333 0.000000000000 0.179153045333 -0.983821249907 0.000000000000 0.000000000000 0.000000000000 1.000000000000 -0.321607293547 0.946873146308 0.000000000000 -0.946873146308 -0.321607293547 0.000000000000 0.000000000000 0.000000000000 1.000000000000 1.000000000000 0.000000000000 0.000000000000 0.000000000000 1.000000000000 0.000000000000 0.000000000000 0.000000000000 1.000000000000 1.592236823730 
0.081800763602 0.996648732400 0.000000000000 -0.996648732400 0.081800763602 0.000000000000 0.000000000000 0.000000000000 1.000000000000 -0.983500754647 -0.180904205686 0.000000000000 0.180904205686 -0.983500754647 0.000000000000 0.000000000000 0.000000000000 1.000000000000 -0.313986995124 0.949427287143 0.000000000000 -0.949427287143 -0.313986995124 0.000000000000 0.000000000000 0.000000000000 1.000000000000 1.000000000000 0.000000000000 0.000000000000 0.000000000000 1.000000000000 0.000000000000 0.000000000000 0.000000000000 1.000000000000 1.559883084706 
0.103869669592 0.994590947144 0.000000000000 -0.994590947144 0.103869669592 0.000000000000 0.000000000000 0.000000000000 1.000000000000 -0.983271263548 -0.182147437847 0.000000000000 0.182147437847 -0.983271263548 0.000000000000 0.000000000000 0.000000000000 1.000000000000 -0.306202106736 0.951966531310 0.000000000000 -0.951966531310 -0.306202106736 0.000000000000 0.000000000000 0.000000000000 1.000000000000 1.000000000000 0.000000000000 0.000000000000 0.000000000000 1.000000000000 0.000000000000 0.000000000000 0.000000000000 1.000000000000 1.527464332713 
0.126455001163 0.991972379107 0.000000000000 -0.991972379107 0.126455001163 0.000000000000 0.000000000000 0.000000000000 1.000000000000 -0.983204836058 -0.182505661481 0.000000000000 0.182505661481 -0.983204836058 0.000000000000 0.000000000000 0.000000000000 1.000000000000 -0.298989610447 0.954256371057 0.000000000000 -0.954256371057 -0.298989610447 0.000000000000 0.000000000000 0.000000000000 1.000000000000 1.000000000000 0.000000000000 0.000000000000 0.000000000000 1.000000000000 0.000000000000 0.000000000000 0.000000000000 1.000000000000 1.495436328476 
0.148911143237 0.988850614858 0.000000000000 -0.988850614858 0.148911143237 0.000000000000 0.000000000000 0.000000000000 1.000000000000 -0.983232287347 -0.182357712833 0.000000000000 0.182357712833 -0.983232287347 0.000000000000 0.000000000000 0.000000000000 1.000000000000 -0.291588297345 0.956543921519 0.000000000000 -0.956543921519 -0.291588297345 0.000000000000 0.000000000000 0.000000000000 1.000000000000 1.000000000000 0.000000000000 0.000000000000 0.000000000000 1.000000000000 0.000000000000 0.000000000000 0.000000000000 1.000000000000 1.463385930660 
0.171237700210 0.985229778363 0.000000000000 -0.985229778363 0.171237700210 0.000000000000 0.000000000000 0.000000000000 1.000000000000 -0.983353604834 -0.181702379013 0.000000000000 0.181702379013 -0.983353604834 0.000000000000 0.000000000000 0.000000000000 1.000000000000 -0.283997323823 0.958825077423 0.000000000000 -0.958825077423 -0.283997323823 0.000000000000 0.000000000000 0.000000000000 1.000000000000 1.000000000000 0.000000000000 0.000000000000 0.000000000000 1.000000000000 0.000000000000 0.000000000000 0.000000000000 1.000000000000 1.431312425593 
0.193433894686 0.981113344004 0.000000000000 -0.981113344004 0.193433894686 0.000000000000 0.000000000000 0.000000000000 1.000000000000 -0.983568107470 -0.180537655846 0.000000000000 0.180537655846 -0.983568107470 0.000000000000 0.000000000000 0.000000000000 1.000000000000 -0.276215875196 0.961095624494 0.000000000000 -0.961095624494 -0.276215875196 0.000000000000 0.000000000000 0.000000000000 1.000000000000 1.000000000000 0.000000000000 0.000000000000 0.000000000000 1.000000000000 0.000000000000 0.000000000000 0.000000000000 1.000000000000 1.399214850539 
0.215886689875 0.976418459682 0.000000000000 -0.976418459682 0.215886689875 0.000000000000 0.000000000000 0.000000000000 1.000000000000 -0.983924386287 -0.178585741405 0.000000000000 0.178585741405 -0.983924386287 0.000000000000 0.000000000000 0.000000000000 1.000000000000 -0.268765660656 0.963205601325 0.000000000000 -0.963205601325 -0.268765660656 0.000000000000 0.000000000000 0.000000000000 1.000000000000 1.000000000000 0.000000000000 0.000000000000 0.000000000000 1.000000000000 0.000000000000 0.000000000000 0.000000000000 1.000000000000 1.367433055265 
0.238147933850 0.971228928455 0.000000000000 -0.971228928455 0.238147933850 0.000000000000 0.000000000000 0.000000000000 1.000000000000 -0.984366722575 -0.176131259246 0.000000000000 0.176131259246 -0.984366722575 0.000000000000 0.000000000000 0.000000000000 1.000000000000 -0.261108422762 0.965309485224 0.000000000000 -0.965309485224 -0.261108422762 0.000000000000 0.000000000000 0.000000000000 1.000000000000 1.000000000000 0.000000000000 0.000000000000 0.000000000000 1.000000000000 0.000000000000 0.000000000000 0.000000000000 1.000000000000 1.335659738317 
0.260216865701 0.965550232490 0.000000000000 -0.965550232490 0.260216865701 0.000000000000 0.000000000000 0.000000000000 1.000000000000 -0.984891442882 -0.173173066376 0.000000000000 0.173173066376 -0.984891442882 0.000000000000 0.000000000000 0.000000000000 1.000000000000 -0.253245005754 0.967402179912 0.000000000000 -0.967402179912 -0.253245005754 0.000000000000 0.000000000000 0.000000000000 1.000000000000 1.000000000000 0.000000000000 0.000000000000 0.000000000000 1.000000000000 0.000000000000 0.000000000000 0.000000000000 1.000000000000 1.303893084662 
0.282092316768 0.959387300547 0.000000000000 -0.959387300547 0.282092316768 0.000000000000 0.000000000000 0.000000000000 1.000000000000 -0.985494188818 -0.169709367194 0.000000000000 0.169709367194 -0.985494188818 0.000000000000 0.000000000000 0.000000000000 1.000000000000 -0.245176311647 0.969478512805 0.000000000000 -0.969478512805 -0.245176311647 0.000000000000 0.000000000000 0.000000000000 1.000000000000 1.000000000000 0.000000000000 0.000000000000 0.000000000000 1.000000000000 0.000000000000 0.000000000000 0.000000000000 1.000000000000 1.272131077191 
0.303772727069 0.952744560235 0.000000000000 -0.952744560235 0.303772727069 0.000000000000 0.000000000000 0.000000000000 1.000000000000 -0.986169893849 -0.165737764055 0.000000000000 0.165737764055 -0.986169893849 0.000000000000 0.000000000000 0.000000000000 1.000000000000 -0.236903326986 0.971533233707 0.000000000000 -0.971533233707 -0.236903326986 0.000000000000 0.000000000000 0.000000000000 1.000000000000 1.000000000000 0.000000000000 0.000000000000 0.000000000000 1.000000000000 0.000000000000 0.000000000000 0.000000000000 1.000000000000 1.240371491862 
0.325591259905 0.945510658033 0.000000000000 -0.945510658033 0.325591259905 0.000000000000 0.000000000000 0.000000000000 1.000000000000 -0.986958892527 -0.160972683930 0.000000000000 0.160972683930 -0.986958892527 0.000000000000 0.000000000000 0.000000000000 1.000000000000 -0.228974923501 0.973432327613 0.000000000000 -0.973432327613 -0.228974923501 0.000000000000 0.000000000000 0.000000000000 1.000000000000 1.000000000000 0.000000000000 0.000000000000 0.000000000000 1.000000000000 0.000000000000 0.000000000000 0.000000000000 1.000000000000 1.209035033173 
0.347141282926 0.937812881610 0.000000000000 -0.937812881610 0.347141282926 0.000000000000 0.000000000000 0.000000000000 1.000000000000 -0.987801427133 -0.155718980523 0.000000000000 0.155718980523 -0.987801427133 0.000000000000 0.000000000000 0.000000000000 1.000000000000 -0.220829721261 0.975312383779 0.000000000000 -0.975312383779 -0.220829721261 0.000000000000 0.000000000000 0.000000000000 1.000000000000 1.000000000000 0.000000000000 0.000000000000 0.000000000000 1.000000000000 0.000000000000 0.000000000000 0.000000000000 1.000000000000 1.177738781846 
0.368422336196 0.929658567355 0.000000000000 -0.929658567355 0.368422336196 0.000000000000 0.000000000000 0.000000000000 1.000000000000 -0.988689640246 -0.149976183363 0.000000000000 0.149976183363 -0.988689640246 0.000000000000 0.000000000000 0.000000000000 1.000000000000 -0.212470915309 0.977167396929 0.000000000000 -0.977167396929 -0.212470915309 0.000000000000 0.000000000000 0.000000000000 1.000000000000 1.000000000000 0.000000000000 0.000000000000 0.000000000000 1.000000000000 0.000000000000 0.000000000000 0.000000000000 1.000000000000 1.146479493952 
0.389433564340 0.921054595149 0.000000000000 -0.921054595149 0.389433564340 0.000000000000 0.000000000000 0.000000000000 1.000000000000 -0.989615029958 -0.143743357703 0.000000000000 0.143743357703 -0.989615029958 0.000000000000 0.000000000000 0.000000000000 1.000000000000 -0.203901781411 0.978991355811 0.000000000000 -0.978991355811 -0.203901781411 0.000000000000 0.000000000000 0.000000000000 1.000000000000 1.000000000000 0.000000000000 0.000000000000 0.000000000000 1.000000000000 0.000000000000 0.000000000000 0.000000000000 1.000000000000 1.115253781452 
0.410382263336 0.911913631010 0.000000000000 -0.911913631010 0.410382263336 0.000000000000 0.000000000000 0.000000000000 1.000000000000 -0.990594352537 -0.136831589588 0.000000000000 0.136831589588 -0.990594352537 0.000000000000 0.000000000000 0.000000000000 1.000000000000 -0.195487887728 0.980706121983 0.000000000000 -0.980706121983 -0.195487887728 0.000000000000 0.000000000000 0.000000000000 1.000000000000 1.000000000000 0.000000000000 0.000000000000 0.000000000000 1.000000000000 0.000000000000 0.000000000000 0.000000000000 1.000000000000 1.084346343248 
0.431007476138 0.902348395025 0.000000000000 -0.902348395025 0.431007476138 0.000000000000 0.000000000000 0.000000000000 1.000000000000 -0.991585885044 -0.129450714783 0.000000000000 0.129450714783 -0.991585885044 0.000000000000 0.000000000000 0.000000000000 1.000000000000 -0.186860838532 0.982386399814 0.000000000000 -0.982386399814 -0.186860838532 0.000000000000 0.000000000000 0.000000000000 1.000000000000 1.000000000000 0.000000000000 0.000000000000 0.000000000000 1.000000000000 0.000000000000 0.000000000000 0.000000000000 1.000000000000 1.053497498997 
0.451309556483 0.892367498801 0.000000000000 -0.892367498801 0.451309556483 0.000000000000 0.000000000000 0.000000000000 1.000000000000 -0.992579078232 -0.121601103424 0.000000000000 0.121601103424 -0.992579078232 0.000000000000 0.000000000000 0.000000000000 1.000000000000 -0.178025667294 0.984025849710 0.000000000000 -0.984025849710 -0.178025667294 0.000000000000 0.000000000000 0.000000000000 1.000000000000 1.000000000000 0.000000000000 0.000000000000 0.000000000000 1.000000000000 0.000000000000 0.000000000000 0.000000000000 1.000000000000 1.022702889232 
0.471288496013 0.881979149744 0.000000000000 -0.881979149744 0.471288496013 0.000000000000 0.000000000000 0.000000000000 1.000000000000 -0.993562811133 -0.113282811072 0.000000000000 0.113282811072 -0.993562811133 0.000000000000 0.000000000000 0.000000000000 1.000000000000 -0.168987492280 0.985618201022 0.000000000000 -0.985618201022 -0.168987492280 0.000000000000 0.000000000000 0.000000000000 1.000000000000 1.000000000000 0.000000000000 0.000000000000 0.000000000000 1.000000000000 0.000000000000 0.000000000000 0.000000000000 1.000000000000 0.991958055084 
0.490943956168 0.871191194562 0.000000000000 -0.871191194562 0.490943956168 0.000000000000 0.000000000000 0.000000000000 1.000000000000 -0.994525373343 -0.104495631059 0.000000000000 0.104495631059 -0.994525373343 0.000000000000 0.000000000000 0.000000000000 1.000000000000 -0.159751546728 0.987157258844 0.000000000000 -0.987157258844 -0.159751546728 0.000000000000 0.000000000000 0.000000000000 1.000000000000 1.000000000000 0.000000000000 0.000000000000 0.000000000000 1.000000000000 0.000000000000 0.000000000000 0.000000000000 1.000000000000 0.961258427920 
0.510429788267 0.859919473588 0.000000000000 -0.859919473588 0.510429788267 0.000000000000 0.000000000000 0.000000000000 1.000000000000 -0.995470103002 -0.095075350007 0.000000000000 0.095075350007 -0.995470103002 0.000000000000 0.000000000000 0.000000000000 1.000000000000 -0.150687558967 0.988581443400 0.000000000000 -0.988581443400 -0.150687558967 0.000000000000 0.000000000000 0.000000000000 1.000000000000 1.000000000000 0.000000000000 0.000000000000 0.000000000000 1.000000000000 0.000000000000 0.000000000000 0.000000000000 1.000000000000 0.930934141392 
0.529537530554 0.848286550261 0.000000000000 -0.848286550261 0.529537530554 0.000000000000 0.000000000000 0.000000000000 1.000000000000 -0.996362221458 -0.085219550222 0.000000000000 0.085219550222 -0.996362221458 0.000000000000 0.000000000000 0.000000000000 1.000000000000 -0.141428617010 0.989948461508 0.000000000000 -0.989948461508 -0.141428617010 0.000000000000 0.000000000000 0.000000000000 1.000000000000 1.000000000000 0.000000000000 0.000000000000 0.000000000000 1.000000000000 0.000000000000 0.000000000000 0.000000000000 1.000000000000 0.900681893017 
0.548269027012 0.836302062436 0.000000000000 -0.836302062436 0.548269027012 0.000000000000 0.000000000000 0.000000000000 1.000000000000 -0.997188830903 -0.074929858423 0.000000000000 0.074929858423 -0.997188830903 0.000000000000 0.000000000000 0.000000000000 1.000000000000 -0.131981753630 0.991252150759 0.000000000000 -0.991252150759 -0.131981753630 0.000000000000 0.000000000000 0.000000000000 1.000000000000 1.000000000000 0.000000000000 0.000000000000 0.000000000000 1.000000000000 0.000000000000 0.000000000000 0.000000000000 1.000000000000 0.870496083611 
0.566625808403 0.823975276951 0.000000000000 -0.823975276951 0.566625808403 0.000000000000 0.000000000000 0.000000000000 1.000000000000 -0.997936577659 -0.064207751392 0.000000000000 0.064207751392 -0.997936577659 0.000000000000 0.000000000000 0.000000000000 1.000000000000 -0.122354073200 0.992486518800 0.000000000000 -0.992486518800 -0.122354073200 0.000000000000 0.000000000000 0.000000000000 1.000000000000 1.000000000000 0.000000000000 0.000000000000 0.000000000000 1.000000000000 0.000000000000 0.000000000000 0.000000000000 1.000000000000 0.840371064416 
0.584609126722 0.811315124371 0.000000000000 -0.811315124371 0.584609126722 0.000000000000 0.000000000000 0.000000000000 1.000000000000 -0.998591637215 -0.053054602020 0.000000000000 0.053054602020 -0.998591637215 0.000000000000 0.000000000000 0.000000000000 1.000000000000 -0.112552779919 0.993645752038 0.000000000000 -0.993645752038 -0.112552779919 0.000000000000 0.000000000000 0.000000000000 1.000000000000 1.000000000000 0.000000000000 0.000000000000 0.000000000000 1.000000000000 0.000000000000 0.000000000000 0.000000000000 1.000000000000 0.810301124387 
0.602311645223 0.798261077184 0.000000000000 -0.798261077184 0.602311645223 0.000000000000 0.000000000000 0.000000000000 1.000000000000 -0.999144140193 -0.041364592265 0.000000000000 0.041364592265 -0.999144140193 0.000000000000 0.000000000000 0.000000000000 1.000000000000 -0.102868083372 0.994695011601 0.000000000000 -0.994695011601 -0.102868083372 0.000000000000 0.000000000000 0.000000000000 1.000000000000 1.000000000000 0.000000000000 0.000000000000 0.000000000000 1.000000000000 0.000000000000 0.000000000000 0.000000000000 1.000000000000 0.780561003354 
0.619599810430 0.784917917988 0.000000000000 -0.784917917988 0.619599810430 0.000000000000 0.000000000000 0.000000000000 1.000000000000 -0.999571224660 -0.029281555116 0.000000000000 0.029281555116 -0.999571224660 0.000000000000 0.000000000000 0.000000000000 1.000000000000 -0.093019017989 0.995664336252 0.000000000000 -0.995664336252 -0.093019017989 0.000000000000 0.000000000000 0.000000000000 1.000000000000 1.000000000000 0.000000000000 0.000000000000 0.000000000000 1.000000000000 0.000000000000 0.000000000000 0.000000000000 1.000000000000 0.750896137617 
0.636477158610 0.771295590253 0.000000000000 -0.771295590253 0.636477158610 0.000000000000 0.000000000000 0.000000000000 1.000000000000 -0.999858749091 -0.016808477116 0.000000000000 0.016808477116 -0.999858749091 0.000000000000 0.000000000000 0.000000000000 1.000000000000 -0.083014125333 0.996548374510 0.000000000000 -0.996548374510 -0.083014125333 0.000000000000 0.000000000000 0.000000000000 1.000000000000 1.000000000000 0.000000000000 0.000000000000 0.000000000000 1.000000000000 0.000000000000 0.000000000000 0.000000000000 1.000000000000 0.721299953413 
0.652946954955 0.757403679064 0.000000000000 -0.757403679064 0.652946954955 0.000000000000 0.000000000000 0.000000000000 1.000000000000 -0.999992227114 -0.003948326149 0.000000000000 0.003948326149 -0.999992227114 0.000000000000 0.000000000000 0.000000000000 1.000000000000 -0.072861993638 0.997342036219 0.000000000000 -0.997342036219 -0.072861993638 0.000000000000 0.000000000000 0.000000000000 1.000000000000 1.000000000000 0.000000000000 0.000000000000 0.000000000000 1.000000000000 0.000000000000 0.000000000000 0.000000000000 1.000000000000 0.691765863889 
0.669012226030 0.743251437047 0.000000000000 -0.743251437047 0.669012226030 0.000000000000 0.000000000000 0.000000000000 1.000000000000 -0.999956814199 0.009295911701 0.000000000000 -0.009295911701 -0.999956814199 0.000000000000 0.000000000000 0.000000000000 1.000000000000 -0.062571282386 0.998040500963 0.000000000000 -0.998040500963 -0.062571282386 0.000000000000 0.000000000000 0.000000000000 1.000000000000 1.000000000000 0.000000000000 0.000000000000 0.000000000000 1.000000000000 0.000000000000 0.000000000000 0.000000000000 1.000000000000 0.662287255270 
0.684724786757 0.728801774211 0.000000000000 -0.728801774211 0.684724786757 0.000000000000 0.000000000000 0.000000000000 1.000000000000 -0.999735900066 0.022981929877 0.000000000000 -0.022981929877 -0.999735900066 0.000000000000 0.000000000000 0.000000000000 1.000000000000 -0.052366823214 0.998627919933 0.000000000000 -0.998627919933 -0.052366823214 0.000000000000 0.000000000000 0.000000000000 1.000000000000 1.000000000000 0.000000000000 0.000000000000 0.000000000000 1.000000000000 0.000000000000 0.000000000000 0.000000000000 1.000000000000 0.633087983487 
0.700004794624 0.714138183392 0.000000000000 -0.714138183392 0.700004794624 0.000000000000 0.000000000000 0.000000000000 1.000000000000 -0.999314879656 0.037010957150 0.000000000000 -0.037010957150 -0.999314879656 0.000000000000 0.000000000000 0.000000000000 1.000000000000 -0.042037285824 0.999116045737 0.000000000000 -0.999116045737 -0.042037285824 0.000000000000 0.000000000000 0.000000000000 1.000000000000 1.000000000000 0.000000000000 0.000000000000 0.000000000000 1.000000000000 0.000000000000 0.000000000000 0.000000000000 1.000000000000 0.603958556604 
0.714857411601 0.699270288579 0.000000000000 -0.699270288579 0.714857411601 0.000000000000 0.000000000000 0.000000000000 1.000000000000 -0.998679267116 0.051378613077 0.000000000000 -0.051378613077 -0.998679267116 0.000000000000 0.000000000000 0.000000000000 1.000000000000 -0.031592198035 0.999500844880 0.000000000000 -0.999500844880 -0.031592198035 0.000000000000 0.000000000000 0.000000000000 1.000000000000 1.000000000000 0.000000000000 0.000000000000 0.000000000000 1.000000000000 0.000000000000 0.000000000000 0.000000000000 1.000000000000 0.574891712961 
0.729287556877 0.684207361017 0.000000000000 -0.684207361017 0.729287556877 0.000000000000 0.000000000000 0.000000000000 1.000000000000 -0.997814319785 0.066080440469 0.000000000000 -0.066080440469 -0.997814319785 0.000000000000 0.000000000000 0.000000000000 1.000000000000 -0.021041104400 0.999778614242 0.000000000000 -0.999778614242 -0.021041104400 0.000000000000 0.000000000000 0.000000000000 1.000000000000 1.000000000000 0.000000000000 0.000000000000 0.000000000000 1.000000000000 0.000000000000 0.000000000000 0.000000000000 1.000000000000 0.545880198627 
0.743299934867 0.668958338399 0.000000000000 -0.668958338399 0.743299934867 0.000000000000 0.000000000000 0.000000000000 1.000000000000 -0.996705024464 0.081111877394 0.000000000000 -0.081111877394 -0.996705024464 0.000000000000 0.000000000000 0.000000000000 1.000000000000 -0.010393587372 0.999945987851 0.000000000000 -0.999945987851 -0.010393587372 0.000000000000 0.000000000000 0.000000000000 1.000000000000 1.000000000000 0.000000000000 0.000000000000 0.000000000000 1.000000000000 0.000000000000 0.000000000000 0.000000000000 1.000000000000 0.516916753180 
0.756918838909 0.653508932510 0.000000000000 -0.653508932510 0.756918838909 0.000000000000 0.000000000000 0.000000000000 1.000000000000 -0.995333867979 0.096491085298 0.000000000000 -0.096491085298 -0.995333867979 0.000000000000 0.000000000000 0.000000000000 1.000000000000 0.000179932698 0.999999986302 0.000000000000 -0.999999986302 0.000179932698 0.000000000000 0.000000000000 0.000000000000 1.000000000000 1.000000000000 0.000000000000 0.000000000000 0.000000000000 1.000000000000 0.000000000000 0.000000000000 0.000000000000 1.000000000000 0.488181116562 
0.770102894734 0.637919730825 0.000000000000 -0.637919730825 0.770102894734 0.000000000000 0.000000000000 0.000000000000 1.000000000000 -0.993690567895 0.112156563084 0.000000000000 -0.112156563084 -0.993690567895 0.000000000000 0.000000000000 0.000000000000 1.000000000000 0.010834044173 0.999941312378 0.000000000000 -0.999941312378 0.010834044173 0.000000000000 0.000000000000 0.000000000000 1.000000000000 1.000000000000 0.000000000000 0.000000000000 0.000000000000 1.000000000000 0.000000000000 0.000000000000 0.000000000000 1.000000000000 0.459503415736 
0.782858679958 0.622199595544 0.000000000000 -0.622199595544 0.782858679958 0.000000000000 0.000000000000 0.000000000000 1.000000000000 -0.991760948636 0.128102542250 0.000000000000 -0.128102542250 -0.991760948636 0.000000000000 0.000000000000 0.000000000000 1.000000000000 0.021558706791 0.999767586313 0.000000000000 -0.999767586313 0.021558706791 0.000000000000 0.000000000000 0.000000000000 1.000000000000 1.000000000000 0.000000000000 0.000000000000 0.000000000000 1.000000000000 0.000000000000 0.000000000000 0.000000000000 1.000000000000 0.430875949849 
0.795192543927 0.606357044749 0.000000000000 -0.606357044749 0.795192543927 0.000000000000 0.000000000000 0.000000000000 1.000000000000 -0.989530636663 0.144323113212 0.000000000000 -0.144323113212 -0.989530636663 0.000000000000 0.000000000000 0.000000000000 1.000000000000 0.032343892862 0.999476801568 0.000000000000 -0.999476801568 0.032343892862 0.000000000000 0.000000000000 0.000000000000 1.000000000000 1.000000000000 0.000000000000 0.000000000000 0.000000000000 1.000000000000 0.000000000000 0.000000000000 0.000000000000 1.000000000000 0.402291032016 
0.807118520386 0.590389483877 0.000000000000 -0.590389483877 0.807118520386 0.000000000000 0.000000000000 0.000000000000 1.000000000000 -0.986984130935 0.160817800111 0.000000000000 -0.160817800111 -0.986984130935 0.000000000000 0.000000000000 0.000000000000 1.000000000000 0.043087139584 0.999071320009 0.000000000000 -0.999071320009 0.043087139584 0.000000000000 0.000000000000 0.000000000000 1.000000000000 1.000000000000 0.000000000000 0.000000000000 0.000000000000 1.000000000000 0.000000000000 0.000000000000 0.000000000000 1.000000000000 0.373852329090 
0.818617514706 0.574339108232 0.000000000000 -0.574339108232 0.818617514706 0.000000000000 0.000000000000 0.000000000000 1.000000000000 -0.984112018519 0.177548798744 0.000000000000 -0.177548798744 -0.984112018519 0.000000000000 0.000000000000 0.000000000000 1.000000000000 0.053873622356 0.998547763864 0.000000000000 -0.998547763864 0.053873622356 0.000000000000 0.000000000000 0.000000000000 1.000000000000 1.000000000000 0.000000000000 0.000000000000 0.000000000000 1.000000000000 0.000000000000 0.000000000000 0.000000000000 1.000000000000 0.345458794750 
0.829697053600 0.558213976901 0.000000000000 -0.558213976901 0.829697053600 0.000000000000 0.000000000000 0.000000000000 1.000000000000 -0.980900703960 0.194509257885 0.000000000000 -0.194509257885 -0.980900703960 0.000000000000 0.000000000000 0.000000000000 1.000000000000 0.064693180348 0.997905204011 0.000000000000 -0.997905204011 0.064693180348 0.000000000000 0.000000000000 0.000000000000 1.000000000000 1.000000000000 0.000000000000 0.000000000000 0.000000000000 1.000000000000 0.000000000000 0.000000000000 0.000000000000 1.000000000000 0.317102515907 
0.840364439770 0.542021818173 0.000000000000 -0.542021818173 0.840364439770 0.000000000000 0.000000000000 0.000000000000 1.000000000000 -0.977336419815 0.211692150460 0.000000000000 -0.211692150460 -0.977336419815 0.000000000000 0.000000000000 0.000000000000 1.000000000000 0.075535684941 0.997143101052 0.000000000000 -0.997143101052 0.075535684941 0.000000000000 0.000000000000 0.000000000000 1.000000000000 1.000000000000 0.000000000000 0.000000000000 0.000000000000 1.000000000000 0.000000000000 0.000000000000 0.000000000000 1.000000000000 0.288775589622 
0.850623109478 0.525775968925 0.000000000000 -0.525775968925 0.850623109478 0.000000000000 0.000000000000 0.000000000000 1.000000000000 -0.973408320415 0.229077026264 0.000000000000 -0.229077026264 -0.973408320415 0.000000000000 0.000000000000 0.000000000000 1.000000000000 0.086326207815 0.996266926778 0.000000000000 -0.996266926778 0.086326207815 0.000000000000 0.000000000000 0.000000000000 1.000000000000 1.000000000000 0.000000000000 0.000000000000 0.000000000000 1.000000000000 0.000000000000 0.000000000000 0.000000000000 1.000000000000 0.260561140778 
0.860469804760 0.509501479009 0.000000000000 -0.509501479009 0.860469804760 0.000000000000 0.000000000000 0.000000000000 1.000000000000 -0.969106093382 0.246644326178 0.000000000000 -0.246644326178 -0.969106093382 0.000000000000 0.000000000000 0.000000000000 1.000000000000 0.097122287543 0.995272457549 0.000000000000 -0.995272457549 0.097122287543 0.000000000000 0.000000000000 0.000000000000 1.000000000000 1.000000000000 0.000000000000 0.000000000000 0.000000000000 1.000000000000 0.000000000000 0.000000000000 0.000000000000 1.000000000000 0.232377314816 
0.869912844256 0.493205518690 0.000000000000 -0.493205518690 0.869912844256 0.000000000000 0.000000000000 0.000000000000 1.000000000000 -0.964416925668 0.264386155323 0.000000000000 -0.264386155323 -0.964416925668 0.000000000000 0.000000000000 0.000000000000 1.000000000000 0.107913851175 0.994160250760 0.000000000000 -0.994160250760 0.107913851175 0.000000000000 0.000000000000 0.000000000000 1.000000000000 1.000000000000 0.000000000000 0.000000000000 0.000000000000 1.000000000000 0.000000000000 0.000000000000 0.000000000000 1.000000000000 0.204216074884 
0.878960321928 0.476894947654 0.000000000000 -0.476894947654 0.878960321928 0.000000000000 0.000000000000 0.000000000000 1.000000000000 -0.959327842085 0.282294418909 0.000000000000 -0.282294418909 -0.959327842085 0.000000000000 0.000000000000 0.000000000000 1.000000000000 0.118690873082 0.992931256490 0.000000000000 -0.992931256490 0.118690873082 0.000000000000 0.000000000000 0.000000000000 1.000000000000 1.000000000000 0.000000000000 0.000000000000 0.000000000000 1.000000000000 0.000000000000 0.000000000000 0.000000000000 1.000000000000 0.176069385150 
0.887620123486 0.460576327503 0.000000000000 -0.460576327503 0.887620123486 0.000000000000 0.000000000000 0.000000000000 1.000000000000 -0.953825683871 0.300360807003 0.000000000000 -0.300360807003 -0.953825683871 0.000000000000 0.000000000000 0.000000000000 1.000000000000 0.129443356992 0.991586819611 0.000000000000 -0.991586819611 0.129443356992 0.000000000000 0.000000000000 0.000000000000 1.000000000000 1.000000000000 0.000000000000 0.000000000000 0.000000000000 1.000000000000 0.000000000000 0.000000000000 0.000000000000 1.000000000000 0.147929196295 
0.895877428918 0.444301328861 0.000000000000 -0.444301328861 0.895877428918 0.000000000000 0.000000000000 0.000000000000 1.000000000000 -0.947915232009 0.318522778017 0.000000000000 -0.318522778017 -0.947915232009 0.000000000000 0.000000000000 0.000000000000 1.000000000000 0.140114547400 0.990135302402 0.000000000000 -0.990135302402 0.140114547400 0.000000000000 0.000000000000 0.000000000000 1.000000000000 1.000000000000 0.000000000000 0.000000000000 0.000000000000 1.000000000000 0.000000000000 0.000000000000 0.000000000000 1.000000000000 0.119888891471 
0.903749794762 0.428061146630 0.000000000000 -0.428061146630 0.903749794762 0.000000000000 0.000000000000 0.000000000000 1.000000000000 -0.941578246160 0.336794381630 0.000000000000 -0.336794381630 -0.941578246160 0.000000000000 0.000000000000 0.000000000000 1.000000000000 0.150745077966 0.988572670570 0.000000000000 -0.988572670570 0.150745077966 0.000000000000 0.000000000000 0.000000000000 1.000000000000 1.000000000000 0.000000000000 0.000000000000 0.000000000000 1.000000000000 0.000000000000 0.000000000000 0.000000000000 1.000000000000 0.091859850042 
0.907112504001 0.420888235099 0.000000000000 -0.420888235099 0.907112504001 0.000000000000 0.000000000000 0.000000000000 1.000000000000 -0.938635238767 0.344911424128 0.000000000000 -0.344911424128 -0.938635238767 0.000000000000 0.000000000000 0.000000000000 1.000000000000 0.155433132168 0.987846415979 0.000000000000 -0.987846415979 0.155433132168 0.000000000000 0.000000000000 0.000000000000 1.000000000000 1.000000000000 0.000000000000 0.000000000000 0.000000000000 1.000000000000 0.000000000000 0.000000000000 0.000000000000 1.000000000000 0.079459662946 
0.907112573377 0.420888228032 0.000000000000 -0.420888228032 0.907112573377 0.000000000000 0.000000000000 0.000000000000 1.000000000000 -0.938635335564 0.344911416734 0.000000000000 -0.344911416734 -0.938635335564 0.000000000000 0.000000000000 0.000000000000 1.000000000000 0.155433148473 0.987846427102 0.000000000000 -0.987846427102 0.155433148473 0.000000000000 0.000000000000 0.000000000000 1.000000000000 1.000000000000 0.000000000000 0.000000000000 0.000000000000 1.000000000000 0.000000000000 0.000000000000 0.000000000000 1.000000000000 0.079459669172 



