function GenerateSetrillContactEqs()

  % filename
  fname='/Users/porta/cuik/CuikSuite/examples/RSS11Hand/RSShand_setrill';

  % First contact point p24-object
  p_1=[116.170806884766 10.212795257568 148.584259033203 1]';
  
  T1_1=[0.890660733092 -0.454668514994 0.000000000000 103.398000000000 
        0.052079713205 0.102020161971 -0.993418134535 29.507000000000 
        0.451675947998 0.884798523973 0.114544358115 162.512000000000 
        0.000000000000 0.000000000000 0.000000000000 1.000000000000 ];
  lname1_1='setrill';
  
  T2_1=[0.918312521966 -0.000000000000 -0.395856175902 91.432149038060 
        0.000000000000 -1.000000000000 0.000000000000 0.000000000000 
       -0.395856175902 0.000000000000 -0.918312521966 167.506748586575 
       0.000000000000 0.000000000000 0.000000000000 1.000000000000 ];
  lname2_1='p24';
  
  % Second contact point p34-object
  p_2=[56.956134796143 38.639499664307 247.560806274414 1]';
  
  T1_2=[0.890660733092 -0.454668514994 0.000000000000 103.398000000000 
        0.052079713205 0.102020161971 -0.993418134535 29.507000000000 
        0.451675947998 0.884798523973 0.114544358115 162.512000000000 
        0.000000000000 0.000000000000 0.000000000000 1.000000000000 ];
  lname1_2='setrill';
  
  T2_2=[0.762906095334 -0.000000000000 0.646509311380 24.747243714601 
     -0.022941387708 -0.999370208806 0.027071728449 37.026758228788 
      0.646102145509 -0.035485007414 -0.762425623794 233.812828769802 
      0.000000000000 0.000000000000 0.000000000000 1.000000000000 ];
  lname2_2='p34';
  
  % Third contact point p44-object
  p_3=[101.796264648438 44.733097076416 198.509933471680 1]';
  
  T1_3=[0.890660733092 -0.454668514994 0.000000000000 103.398000000000 
        0.052079713205 0.102020161971 -0.993418134535 29.507000000000 
        0.451675947998 0.884798523973 0.114544358115 162.512000000000 
        0.000000000000 0.000000000000 0.000000000000 1.000000000000 ];
  lname1_3='setrill';
  
  T2_3=[-0.091381736171 -0.249723495895 -0.963995619229 116.196687498353 
      -0.421640669886 0.886691727004 -0.189728560738 59.838151169233 
       0.902146619897 0.389122033377 -0.186321011558 173.382573070964 
       0.000000000000 0.000000000000 0.000000000000 1.000000000000 ];
  lname2_3='p44';

  % Generate the equations for each contact point
  GenerateContactEqs(1,fname,p_1,lname1_1,T1_1,lname2_1,T2_1);
  GenerateContactEqs(2,fname,p_2,lname1_2,T1_2,lname2_2,T2_2);
  GenerateContactEqs(3,fname,p_3,lname1_3,T1_3,lname2_3,T2_3);
