function GenerateCanContactEqs()

  % filename
  fname='/Users/porta/cuik/CuikSuite/examples/RSS11Hand/RSShand_can';
  
  % First contact point p24-object
  p_1=[40.522861480713,-1.912901401520,257.712280273438 1]';

  T1_1=[1.000000000000 0.000000000000 0.000000000000 57.596000000000 
        0.000000000000 1.000000000000 0.000000000000 28.845000000000 
        0.000000000000 0.000000000000 1.000000000000 243.568000000000 
        0.000000000000 0.000000000000 0.000000000000 1.000000000000 ];
  lname1_1='can';
 
  T2_1=[0.642530662151 -0.000000000000 0.766259974288 12.547753504825 
        0.000000000000 -1.000000000000 0.000000000000 0.000000000000 
        0.766259974288 -0.000000000000 -0.642530662151 244.071714995558 
        0.000000000000 0.000000000000 0.000000000000 1.000000000000 ];
  lname2_1='p24';
  
  % Second contact point p34-object
  p_2=[38.334320068359,36.298660278320,254.638565063477 1]';
  
  T1_2=[1.000000000000 0.000000000000 0.000000000000 57.596000000000 
        0.000000000000 1.000000000000 0.000000000000 28.845000000000 
        0.000000000000 0.000000000000 1.000000000000 243.568000000000 
        0.000000000000 0.000000000000 0.000000000000 1.000000000000 ];
  lname1_2='can';
  
  T2_2=[0.627077982476 -0.000000000000 0.778956483954 10.666074992979 
     -0.027641276608 -0.999370208806 0.022251866857 36.820897731313 
      0.778465904020 -0.035485007414 -0.626683054285 239.610512449165 
      0.000000000000 0.000000000000 0.000000000000 1.000000000000 ];
  lname2_2='p34';
  
  % Third contact point p44-object
  p_3=[74.326339721680,52.021595001221,229.022140502930 1]';
  
  T1_3=[1.000000000000 0.000000000000 0.000000000000 57.596000000000 
        0.000000000000 1.000000000000 0.000000000000 28.845000000000 
        0.000000000000 0.000000000000 1.000000000000 243.568000000000 
        0.000000000000 0.000000000000 0.000000000000 1.000000000000 ];
  lname1_3='can';
  
  T2_3=[0.020779007972 -0.166023994756 -0.985902767007 83.828632056040 
      0.003498365227 0.986121713160 -0.165987132862 47.802957941938 
      0.999777972486 -0.000000000000 0.021071443509 194.778285709141 
      0.000000000000 0.000000000000 0.000000000000 1.000000000000 ];
  lname2_3='p44';
  
  % Generate the equations for each contact point
  GenerateContactEqs(1,fname,p_1,lname1_1,T1_1,lname2_1,T2_1);
  GenerateContactEqs(2,fname,p_2,lname1_2,T1_2,lname2_2,T2_2);
  GenerateContactEqs(3,fname,p_3,lname1_3,T1_3,lname2_3,T2_3);