0 1 0 -1 0 0 1 0 0 0 1 0 0.5797318867201275 -0.8148073020781792 0 0.8148073020781792 0.5797318867201275 0 0.0178814730253956 -0.0251322294439190 -0.9995241987894141 -0.5794560495866109 0.8144196157774561 -0.0308443841627571 0.8143906959738894 0.5771382217403156 -0.0606569642958697 0.0315987485297003 0.0602674243959945 0.9976819917428749 0.8143906959738894 0.5771382217403156 -0.0606569642958697 0.0315987485297003 0.0602674243959945 0.9976819917428749 -0.9905582758951190 0.1351130566485151 0.0232112898991921 -0.1334009788084254 -0.9889956013450050 0.0639677995024514 -0.9905582758951190 0.1351130566485151 0.0232112898991921 -0.1334009788084254 -0.9889956013450050 0.0639677995024514 0.9910621468168951 -0.1331228134169880 0.0086103248854448 0 -0.0645446904696005 -0.9979148174730063 0 -0.9979148174730063 0.0645446904696005 -1 0 0 0 1 0 0 0 1 1 0 0 0 1 0 1 0 0 0 1 0 0.1799438246490000 0.1572590241550000 0.7700000000000000 -0.1400000000000000 -0.3460000000000000 0 0 0 0.3553484085914611 -0.4219595686992867 0.0142348478962022 
0 1 0 -1 0 0 1 0 0 0 1 0 0.9680653650836865 -0.2506979236559188 0 0.2506979236559188 0.9680653650836865 0 -0.0119871116160010 0.0031042779766255 -0.9999233333677885 -0.9679911467723848 0.2506787034904097 0.0123825436260338 0.2507394357350691 0.9680479267005132 0.0035981909478418 0.0110849058427447 -0.0065878089836639 0.9999168593614433 0.2507394357350691 0.9680479267005132 0.0035981909478418 0.0110849058427447 -0.0065878089836639 0.9999168593614433 -0.9756584291219175 0.2189528678831756 0.0122585206727729 -0.2190154207945404 -0.9757131968045362 -0.0040003794398729 -0.9756584291219175 0.2189528678831756 0.0122585206727729 -0.2190154207945404 -0.9757131968045362 -0.0040003794398729 0.9757213974563939 -0.2190135800340885 -0.0008979456519542 0 0.0040999197622586 -0.9999915952936520 0 -0.9999915952936520 -0.0040999197622586 -1 0 0 0 1 0 0 0 1 1 0 0 0 1 0 1 0 0 0 1 0 0.3932876608820000 0.4771499497680000 0.7700000000000000 -0.1400000000000000 -0.3460000000000000 0 0 0 0.5436784053328898 -0.0943111302182023 -0.0066484804016657 
0 1 0 -1 0 0 1 0 0 0 1 0 -0.9664946187944905 0.2566868750857599 0 -0.2566868750857599 -0.9664946187944905 0 -0.4819085029643645 0.1279878700798872 0.8668236844266883 -0.8377804264420079 0.2225022628058115 -0.4986147812860556 0.4927805715071523 -0.0851541479841673 -0.8659769508631132 0.2351409479774457 0.9712062160671049 0.0383043138156009 0.4927805715071523 -0.0851541479841673 -0.8659769508631132 0.2351409479774457 0.9712062160671049 0.0383043138156009 -0.8638670324468778 0.2268900319445044 -0.4497273214467261 -0.4454688371095034 0.0726594747905436 0.8923441689659146 -0.8638670324468778 0.2268900319445044 -0.4497273214467261 -0.4454688371095034 0.0726594747905436 0.8923441689659146 -0.8668236844266883 0.0254183316542305 -0.4979664733020253 0 0.9986997818589368 0.0509778943750324 0 0.0509778943750324 -0.9986997818589368 -1 0 0 0 1 0 0 0 1 1 0 0 0 1 0 1 0 0 0 1 0 0.3930000000000000 0.1400000000000000 0.7700000000000000 -0.1400000000000000 -0.3460000000000000 0 0 0 0.4829543602609263 -0.1262081812024839 0.2352691669184905 
