#
# Geomview plot generated with the following command line:
#      
#
(progn (normalization World none)
(bbox-draw World no)
(backcolor World 1.0 1.0 1.0)
(dice World 10.0)
 )
(progn 
(sleep-for 5.000000)
(progn 
(geometry sol__home_porta_cuik_CuikSuite_examples_DoubleButterfly_DoubleButterfly_kin_1_gcl_1 {LIST 
OFF
6 5 1

0.000000 0.000000 0.000000
-13.000000 0.000000 0.000000
-5.600000 4.200000 0.000000
0.000000 0.000000 -0.100000
-13.000000 0.000000 -0.100000
-5.600000 4.200000 -0.100000

3   0 1 2 
3   5 4 3 
4   3 4 1 0 
4   4 5 2 1 
4   5 3 0 2 

})
(merge-ap sol__home_porta_cuik_CuikSuite_examples_DoubleButterfly_DoubleButterfly_kin_1_gcl_1 {shading flat})
(merge-ap sol__home_porta_cuik_CuikSuite_examples_DoubleButterfly_DoubleButterfly_kin_1_gcl_1 {material {kd 0.75  ambient 0.500000 0.500000 0.000000 *diffuse 0.500000 0.500000 0.000000 edgecolor 0.500000 0.500000 0.000000}})
(geometry sol__home_porta_cuik_CuikSuite_examples_DoubleButterfly_DoubleButterfly_kin_1_gcl_2 {LIST 
OFF
6 5 1

0.000000 0.000000 0.000000
-2.000000 0.000000 0.000000
-2.400000 1.800000 0.000000
0.000000 0.000000 -0.100000
-2.000000 0.000000 -0.100000
-2.400000 1.800000 -0.100000

3   0 1 2 
3   5 4 3 
4   3 4 1 0 
4   4 5 2 1 
4   5 3 0 2 

})
(merge-ap sol__home_porta_cuik_CuikSuite_examples_DoubleButterfly_DoubleButterfly_kin_1_gcl_2 {shading flat})
(merge-ap sol__home_porta_cuik_CuikSuite_examples_DoubleButterfly_DoubleButterfly_kin_1_gcl_2 {material {kd 0.75  ambient 0.700000 0.700000 0.000000 *diffuse 0.700000 0.700000 0.000000 edgecolor 0.700000 0.700000 0.000000}})
(geometry sol__home_porta_cuik_CuikSuite_examples_DoubleButterfly_DoubleButterfly_kin_1_gcl_3 {LIST 
{SPHERE 0.200000 0.000000 0.000000 0.000000}
})
(merge-ap sol__home_porta_cuik_CuikSuite_examples_DoubleButterfly_DoubleButterfly_kin_1_gcl_3 {shading flat})
(merge-ap sol__home_porta_cuik_CuikSuite_examples_DoubleButterfly_DoubleButterfly_kin_1_gcl_3 {material {kd 0.75  ambient 1.000000 0.000000 0.000000 *diffuse 1.000000 0.000000 0.000000 edgecolor 1.000000 0.000000 0.000000}})
(geometry sol__home_porta_cuik_CuikSuite_examples_DoubleButterfly_DoubleButterfly_kin_1_gcl_4 {LIST 
OFF
6 5 1

0.000000 0.000000 0.000000
-3.000000 0.000000 0.000000
-3.000000 4.000000 0.000000
0.000000 0.000000 -0.100000
-3.000000 0.000000 -0.100000
-3.000000 4.000000 -0.100000

3   0 1 2 
3   5 4 3 
4   3 4 1 0 
4   4 5 2 1 
4   5 3 0 2 

})
(merge-ap sol__home_porta_cuik_CuikSuite_examples_DoubleButterfly_DoubleButterfly_kin_1_gcl_4 {shading flat})
(merge-ap sol__home_porta_cuik_CuikSuite_examples_DoubleButterfly_DoubleButterfly_kin_1_gcl_4 {material {kd 0.75  ambient 0.900000 0.900000 0.000000 *diffuse 0.900000 0.900000 0.000000 edgecolor 0.900000 0.900000 0.000000}})
(geometry sol__home_porta_cuik_CuikSuite_examples_DoubleButterfly_DoubleButterfly_kin_1_gcl_5 {LIST 
OFF
6 5 1

0.000000 0.000000 0.000000
-6.000000 0.000000 0.000000
-6.460000 2.690000 0.000000
0.000000 0.000000 -0.100000
-6.000000 0.000000 -0.100000
-6.460000 2.690000 -0.100000

3   0 1 2 
3   5 4 3 
4   3 4 1 0 
4   4 5 2 1 
4   5 3 0 2 

})
(merge-ap sol__home_porta_cuik_CuikSuite_examples_DoubleButterfly_DoubleButterfly_kin_1_gcl_5 {shading flat})
(merge-ap sol__home_porta_cuik_CuikSuite_examples_DoubleButterfly_DoubleButterfly_kin_1_gcl_5 {material {kd 0.75  ambient 1.000000 1.000000 0.000000 *diffuse 1.000000 1.000000 0.000000 edgecolor 1.000000 1.000000 0.000000}})
(geometry sol__home_porta_cuik_CuikSuite_examples_DoubleButterfly_DoubleButterfly_kin_1_gcl_6 {LIST 
{SPHERE 0.200000 0.000000 0.000000 0.000000}
})
(merge-ap sol__home_porta_cuik_CuikSuite_examples_DoubleButterfly_DoubleButterfly_kin_1_gcl_6 {shading flat})
(merge-ap sol__home_porta_cuik_CuikSuite_examples_DoubleButterfly_DoubleButterfly_kin_1_gcl_6 {material {kd 0.75  ambient 1.000000 0.000000 0.000000 *diffuse 1.000000 0.000000 0.000000 edgecolor 1.000000 0.000000 0.000000}})
(geometry sol__home_porta_cuik_CuikSuite_examples_DoubleButterfly_DoubleButterfly_kin_1_gcl_7 {LIST 
{INST
  geom      { {LIST{INST geom { CBEZ223 2 1 0 1 1 0 0 1 0 2 1 1 1 1 1 0 1 1 2 0 1 1 0 1 0 0 1 0 0 1 1 0 0 1 1 0 0 1 1 0 0 1 1 } transforms{ = TLIST 0.5 0 0 0 0 1 0 0 0 0 1 0 0 0 0 1 0.5 0 0 0 0 0 1 0 0 -1 0 0 0 0 0 1 0.5 0 0 0 0 -1 0 0 0 0 -1 0 0 0 0 1 0.5 0 0 0 0 0 -1 0 0 1 0 0 0 0 0 1}}} }
  transform { 11.000000 0.000000 0.000000 0.000000 0.000000 0.100000 0.000000 0.000000 0.000000 0.000000 0.100000 0.000000 0.000000 0.000000 0.000000 1.000000 }
}
})
(merge-ap sol__home_porta_cuik_CuikSuite_examples_DoubleButterfly_DoubleButterfly_kin_1_gcl_7 {shading flat})
(merge-ap sol__home_porta_cuik_CuikSuite_examples_DoubleButterfly_DoubleButterfly_kin_1_gcl_7 {material {kd 0.75  ambient 0.000000 0.000000 0.000000 *diffuse 0.000000 0.000000 0.000000 edgecolor 0.000000 0.000000 0.000000}})
(geometry sol__home_porta_cuik_CuikSuite_examples_DoubleButterfly_DoubleButterfly_kin_1_gcl_8 {LIST 
{SPHERE 0.200000 0.000000 0.000000 0.000000}
})
(merge-ap sol__home_porta_cuik_CuikSuite_examples_DoubleButterfly_DoubleButterfly_kin_1_gcl_8 {shading flat})
(merge-ap sol__home_porta_cuik_CuikSuite_examples_DoubleButterfly_DoubleButterfly_kin_1_gcl_8 {material {kd 0.75  ambient 1.000000 0.000000 0.000000 *diffuse 1.000000 0.000000 0.000000 edgecolor 1.000000 0.000000 0.000000}})
(geometry sol__home_porta_cuik_CuikSuite_examples_DoubleButterfly_DoubleButterfly_kin_1_gcl_9 {LIST 
{SPHERE 0.200000 11.000000 0.000000 0.000000}
})
(merge-ap sol__home_porta_cuik_CuikSuite_examples_DoubleButterfly_DoubleButterfly_kin_1_gcl_9 {shading flat})
(merge-ap sol__home_porta_cuik_CuikSuite_examples_DoubleButterfly_DoubleButterfly_kin_1_gcl_9 {material {kd 0.75  ambient 1.000000 0.000000 0.000000 *diffuse 1.000000 0.000000 0.000000 edgecolor 1.000000 0.000000 0.000000}})
(geometry sol__home_porta_cuik_CuikSuite_examples_DoubleButterfly_DoubleButterfly_kin_1_gcl_10 {LIST 
{INST
  geom      { {LIST{INST geom { CBEZ223 2 1 0 1 1 0 0 1 0 2 1 1 1 1 1 0 1 1 2 0 1 1 0 1 0 0 1 0 0 1 1 0 0 1 1 0 0 1 1 0 0 1 1 } transforms{ = TLIST 0.5 0 0 0 0 1 0 0 0 0 1 0 0 0 0 1 0.5 0 0 0 0 0 1 0 0 -1 0 0 0 0 0 1 0.5 0 0 0 0 -1 0 0 0 0 -1 0 0 0 0 1 0.5 0 0 0 0 0 -1 0 0 1 0 0 0 0 0 1}}} }
  transform { 9.000000 0.000000 0.000000 0.000000 0.000000 0.100000 0.000000 0.000000 0.000000 0.000000 0.100000 0.000000 0.000000 0.000000 0.000000 1.000000 }
}
})
(merge-ap sol__home_porta_cuik_CuikSuite_examples_DoubleButterfly_DoubleButterfly_kin_1_gcl_10 {shading flat})
(merge-ap sol__home_porta_cuik_CuikSuite_examples_DoubleButterfly_DoubleButterfly_kin_1_gcl_10 {material {kd 0.75  ambient 0.000000 0.000000 0.000000 *diffuse 0.000000 0.000000 0.000000 edgecolor 0.000000 0.000000 0.000000}})
(geometry sol__home_porta_cuik_CuikSuite_examples_DoubleButterfly_DoubleButterfly_kin_1_gcl_11 {LIST 
{SPHERE 0.200000 0.000000 0.000000 0.000000}
})
(merge-ap sol__home_porta_cuik_CuikSuite_examples_DoubleButterfly_DoubleButterfly_kin_1_gcl_11 {shading flat})
(merge-ap sol__home_porta_cuik_CuikSuite_examples_DoubleButterfly_DoubleButterfly_kin_1_gcl_11 {material {kd 0.75  ambient 1.000000 0.000000 0.000000 *diffuse 1.000000 0.000000 0.000000 edgecolor 1.000000 0.000000 0.000000}})
(geometry sol__home_porta_cuik_CuikSuite_examples_DoubleButterfly_DoubleButterfly_kin_1_gcl_12 {LIST 
{SPHERE 0.200000 9.000000 0.000000 0.000000}
})
(merge-ap sol__home_porta_cuik_CuikSuite_examples_DoubleButterfly_DoubleButterfly_kin_1_gcl_12 {shading flat})
(merge-ap sol__home_porta_cuik_CuikSuite_examples_DoubleButterfly_DoubleButterfly_kin_1_gcl_12 {material {kd 0.75  ambient 1.000000 0.000000 0.000000 *diffuse 1.000000 0.000000 0.000000 edgecolor 1.000000 0.000000 0.000000}})
(geometry sol__home_porta_cuik_CuikSuite_examples_DoubleButterfly_DoubleButterfly_kin_1_gcl_13 {LIST 
{INST
  geom      { {LIST{INST geom { CBEZ223 2 1 0 1 1 0 0 1 0 2 1 1 1 1 1 0 1 1 2 0 1 1 0 1 0 0 1 0 0 1 1 0 0 1 1 0 0 1 1 0 0 1 1 } transforms{ = TLIST 0.5 0 0 0 0 1 0 0 0 0 1 0 0 0 0 1 0.5 0 0 0 0 0 1 0 0 -1 0 0 0 0 0 1 0.5 0 0 0 0 -1 0 0 0 0 -1 0 0 0 0 1 0.5 0 0 0 0 0 -1 0 0 1 0 0 0 0 0 1}}} }
  transform { 7.000000 0.000000 0.000000 0.000000 0.000000 0.100000 0.000000 0.000000 0.000000 0.000000 0.100000 0.000000 0.000000 0.000000 0.000000 1.000000 }
}
})
(merge-ap sol__home_porta_cuik_CuikSuite_examples_DoubleButterfly_DoubleButterfly_kin_1_gcl_13 {shading flat})
(merge-ap sol__home_porta_cuik_CuikSuite_examples_DoubleButterfly_DoubleButterfly_kin_1_gcl_13 {material {kd 0.75  ambient 0.000000 0.000000 0.000000 *diffuse 0.000000 0.000000 0.000000 edgecolor 0.000000 0.000000 0.000000}})
(geometry sol__home_porta_cuik_CuikSuite_examples_DoubleButterfly_DoubleButterfly_kin_1_gcl_14 {LIST 
{SPHERE 0.200000 0.000000 0.000000 0.000000}
})
(merge-ap sol__home_porta_cuik_CuikSuite_examples_DoubleButterfly_DoubleButterfly_kin_1_gcl_14 {shading flat})
(merge-ap sol__home_porta_cuik_CuikSuite_examples_DoubleButterfly_DoubleButterfly_kin_1_gcl_14 {material {kd 0.75  ambient 1.000000 0.000000 0.000000 *diffuse 1.000000 0.000000 0.000000 edgecolor 1.000000 0.000000 0.000000}})
(geometry sol__home_porta_cuik_CuikSuite_examples_DoubleButterfly_DoubleButterfly_kin_1_gcl_15 {LIST 
{SPHERE 0.200000 7.000000 0.000000 0.000000}
})
(merge-ap sol__home_porta_cuik_CuikSuite_examples_DoubleButterfly_DoubleButterfly_kin_1_gcl_15 {shading flat})
(merge-ap sol__home_porta_cuik_CuikSuite_examples_DoubleButterfly_DoubleButterfly_kin_1_gcl_15 {material {kd 0.75  ambient 1.000000 0.000000 0.000000 *diffuse 1.000000 0.000000 0.000000 edgecolor 1.000000 0.000000 0.000000}})
(geometry sol__home_porta_cuik_CuikSuite_examples_DoubleButterfly_DoubleButterfly_kin_1_gcl_16 {LIST 
{INST
  geom      { {LIST{INST geom { CBEZ223 2 1 0 1 1 0 0 1 0 2 1 1 1 1 1 0 1 1 2 0 1 1 0 1 0 0 1 0 0 1 1 0 0 1 1 0 0 1 1 0 0 1 1 } transforms{ = TLIST 0.5 0 0 0 0 1 0 0 0 0 1 0 0 0 0 1 0.5 0 0 0 0 0 1 0 0 -1 0 0 0 0 0 1 0.5 0 0 0 0 -1 0 0 0 0 -1 0 0 0 0 1 0.5 0 0 0 0 0 -1 0 0 1 0 0 0 0 0 1}}} }
  transform { 12.000000 0.000000 0.000000 0.000000 0.000000 0.100000 0.000000 0.000000 0.000000 0.000000 0.100000 0.000000 0.000000 0.000000 0.000000 1.000000 }
}
})
(merge-ap sol__home_porta_cuik_CuikSuite_examples_DoubleButterfly_DoubleButterfly_kin_1_gcl_16 {shading flat})
(merge-ap sol__home_porta_cuik_CuikSuite_examples_DoubleButterfly_DoubleButterfly_kin_1_gcl_16 {material {kd 0.75  ambient 0.000000 0.000000 0.000000 *diffuse 0.000000 0.000000 0.000000 edgecolor 0.000000 0.000000 0.000000}})
(geometry sol__home_porta_cuik_CuikSuite_examples_DoubleButterfly_DoubleButterfly_kin_1_gcl_17 {LIST 
{SPHERE 0.200000 0.000000 0.000000 0.000000}
})
(merge-ap sol__home_porta_cuik_CuikSuite_examples_DoubleButterfly_DoubleButterfly_kin_1_gcl_17 {shading flat})
(merge-ap sol__home_porta_cuik_CuikSuite_examples_DoubleButterfly_DoubleButterfly_kin_1_gcl_17 {material {kd 0.75  ambient 1.000000 0.000000 0.000000 *diffuse 1.000000 0.000000 0.000000 edgecolor 1.000000 0.000000 0.000000}})
(geometry sol__home_porta_cuik_CuikSuite_examples_DoubleButterfly_DoubleButterfly_kin_1_gcl_18 {LIST 
{SPHERE 0.200000 12.000000 0.000000 0.000000}
})
(merge-ap sol__home_porta_cuik_CuikSuite_examples_DoubleButterfly_DoubleButterfly_kin_1_gcl_18 {shading flat})
(merge-ap sol__home_porta_cuik_CuikSuite_examples_DoubleButterfly_DoubleButterfly_kin_1_gcl_18 {material {kd 0.75  ambient 1.000000 0.000000 0.000000 *diffuse 1.000000 0.000000 0.000000 edgecolor 1.000000 0.000000 0.000000}})
)
(progn 
(xform-set sol__home_porta_cuik_CuikSuite_examples_DoubleButterfly_DoubleButterfly_kin_1_gcl_2 {-0.588098 -0.808790 -0.000000 0.000000 0.808790 -0.588098 0.000000 0.000000 -0.000000 0.000000 1.000000 0.000000 -5.600000 4.200000 0.000000 1.000000 })
(xform-set sol__home_porta_cuik_CuikSuite_examples_DoubleButterfly_DoubleButterfly_kin_1_gcl_3 {-0.588098 -0.808790 -0.000000 0.000000 0.808790 -0.588098 0.000000 0.000000 -0.000000 0.000000 1.000000 0.000000 -5.600000 4.200000 0.000000 1.000000 })
(xform-set sol__home_porta_cuik_CuikSuite_examples_DoubleButterfly_DoubleButterfly_kin_1_gcl_4 {0.675982 0.736918 -0.000000 0.000000 -0.736918 0.675982 0.000000 0.000000 0.000000 0.000000 1.000000 0.000000 8.292688 7.227120 0.000000 1.000000 })
(xform-set sol__home_porta_cuik_CuikSuite_examples_DoubleButterfly_DoubleButterfly_kin_1_gcl_5 {0.310817 0.950470 -0.000000 0.000000 -0.950470 0.310817 -0.000000 0.000000 0.000000 0.000000 1.000000 0.000000 3.318494 7.718753 0.000000 1.000000 })
(xform-set sol__home_porta_cuik_CuikSuite_examples_DoubleButterfly_DoubleButterfly_kin_1_gcl_6 {0.310817 0.950470 -0.000000 0.000000 -0.950470 0.310817 -0.000000 0.000000 0.000000 0.000000 1.000000 0.000000 3.318494 7.718753 0.000000 1.000000 })
(xform-set sol__home_porta_cuik_CuikSuite_examples_DoubleButterfly_DoubleButterfly_kin_1_gcl_7 {0.753881 0.657011 -0.000000 0.000000 -0.657011 0.753881 0.000000 0.000000 0.000000 0.000000 1.000000 0.000000 0.000000 0.000000 0.000000 1.000000 })
(xform-set sol__home_porta_cuik_CuikSuite_examples_DoubleButterfly_DoubleButterfly_kin_1_gcl_8 {0.753881 0.657011 -0.000000 0.000000 -0.657011 0.753881 0.000000 0.000000 0.000000 0.000000 1.000000 0.000000 0.000000 0.000000 0.000000 1.000000 })
(xform-set sol__home_porta_cuik_CuikSuite_examples_DoubleButterfly_DoubleButterfly_kin_1_gcl_9 {0.753881 0.657011 -0.000000 0.000000 -0.657011 0.753881 0.000000 0.000000 0.000000 0.000000 1.000000 0.000000 0.000000 0.000000 0.000000 1.000000 })
(xform-set sol__home_porta_cuik_CuikSuite_examples_DoubleButterfly_DoubleButterfly_kin_1_gcl_10 {0.999972 -0.007531 -0.000000 0.000000 0.007531 0.999972 -0.000000 0.000000 0.000000 0.000000 1.000000 0.000000 -2.733892 5.082165 0.000000 1.000000 })
(xform-set sol__home_porta_cuik_CuikSuite_examples_DoubleButterfly_DoubleButterfly_kin_1_gcl_11 {0.999972 -0.007531 -0.000000 0.000000 0.007531 0.999972 -0.000000 0.000000 0.000000 0.000000 1.000000 0.000000 -2.733892 5.082165 0.000000 1.000000 })
(xform-set sol__home_porta_cuik_CuikSuite_examples_DoubleButterfly_DoubleButterfly_kin_1_gcl_12 {0.999972 -0.007531 -0.000000 0.000000 0.007531 0.999972 -0.000000 0.000000 0.000000 0.000000 1.000000 0.000000 -2.733892 5.082165 0.000000 1.000000 })
(xform-set sol__home_porta_cuik_CuikSuite_examples_DoubleButterfly_DoubleButterfly_kin_1_gcl_13 {0.839742 -0.542985 -0.000000 0.000000 0.542985 0.839742 0.000000 0.000000 0.000000 -0.000000 1.000000 0.000000 -4.424275 5.816931 0.000000 1.000000 })
(xform-set sol__home_porta_cuik_CuikSuite_examples_DoubleButterfly_DoubleButterfly_kin_1_gcl_14 {0.839742 -0.542985 -0.000000 0.000000 0.542985 0.839742 0.000000 0.000000 0.000000 -0.000000 1.000000 0.000000 -4.424275 5.816931 0.000000 1.000000 })
(xform-set sol__home_porta_cuik_CuikSuite_examples_DoubleButterfly_DoubleButterfly_kin_1_gcl_15 {0.839742 -0.542985 -0.000000 0.000000 0.542985 0.839742 0.000000 0.000000 0.000000 -0.000000 1.000000 0.000000 -4.424275 5.816931 0.000000 1.000000 })
(xform-set sol__home_porta_cuik_CuikSuite_examples_DoubleButterfly_DoubleButterfly_kin_1_gcl_16 {0.979538 0.201257 -0.000000 0.000000 -0.201257 0.979538 -0.000000 0.000000 0.000000 0.000000 1.000000 0.000000 -13.000000 0.000000 0.000000 1.000000 })
(xform-set sol__home_porta_cuik_CuikSuite_examples_DoubleButterfly_DoubleButterfly_kin_1_gcl_17 {0.979538 0.201257 -0.000000 0.000000 -0.201257 0.979538 -0.000000 0.000000 0.000000 0.000000 1.000000 0.000000 -13.000000 0.000000 0.000000 1.000000 })
(xform-set sol__home_porta_cuik_CuikSuite_examples_DoubleButterfly_DoubleButterfly_kin_1_gcl_18 {0.979538 0.201257 -0.000000 0.000000 -0.201257 0.979538 -0.000000 0.000000 0.000000 0.000000 1.000000 0.000000 -13.000000 0.000000 0.000000 1.000000 })
)
)
(sleep-for 0.100000)
(progn 
(xform-set sol__home_porta_cuik_CuikSuite_examples_DoubleButterfly_DoubleButterfly_kin_1_gcl_2 {-0.533085 -0.846062 -0.000000 0.000000 0.846062 -0.533085 0.000000 0.000000 -0.000000 0.000000 1.000000 0.000000 -5.600000 4.200000 0.000000 1.000000 })
(xform-set sol__home_porta_cuik_CuikSuite_examples_DoubleButterfly_DoubleButterfly_kin_1_gcl_3 {-0.533085 -0.846062 -0.000000 0.000000 0.846062 -0.533085 0.000000 0.000000 -0.000000 0.000000 1.000000 0.000000 -5.600000 4.200000 0.000000 1.000000 })
(xform-set sol__home_porta_cuik_CuikSuite_examples_DoubleButterfly_DoubleButterfly_kin_1_gcl_4 {0.697620 0.716468 -0.000000 0.000000 -0.716468 0.697620 0.000000 0.000000 0.000000 0.000000 1.000000 0.000000 8.291735 7.228213 0.000000 1.000000 })
(xform-set sol__home_porta_cuik_CuikSuite_examples_DoubleButterfly_DoubleButterfly_kin_1_gcl_5 {0.321423 0.946936 -0.000000 0.000000 -0.946936 0.321423 0.000000 0.000000 0.000000 0.000000 1.000000 0.000000 3.334264 7.869133 0.000000 1.000000 })
(xform-set sol__home_porta_cuik_CuikSuite_examples_DoubleButterfly_DoubleButterfly_kin_1_gcl_6 {0.321423 0.946936 -0.000000 0.000000 -0.946936 0.321423 0.000000 0.000000 0.000000 0.000000 1.000000 0.000000 3.334264 7.869133 0.000000 1.000000 })
(xform-set sol__home_porta_cuik_CuikSuite_examples_DoubleButterfly_DoubleButterfly_kin_1_gcl_7 {0.753794 0.657110 -0.000000 0.000000 -0.657110 0.753794 -0.000000 0.000000 0.000000 0.000000 1.000000 0.000000 0.000000 0.000000 0.000000 1.000000 })
(xform-set sol__home_porta_cuik_CuikSuite_examples_DoubleButterfly_DoubleButterfly_kin_1_gcl_8 {0.753794 0.657110 -0.000000 0.000000 -0.657110 0.753794 -0.000000 0.000000 0.000000 0.000000 1.000000 0.000000 0.000000 0.000000 0.000000 1.000000 })
(xform-set sol__home_porta_cuik_CuikSuite_examples_DoubleButterfly_DoubleButterfly_kin_1_gcl_9 {0.753794 0.657110 -0.000000 0.000000 -0.657110 0.753794 -0.000000 0.000000 0.000000 0.000000 1.000000 0.000000 0.000000 0.000000 0.000000 1.000000 })
(xform-set sol__home_porta_cuik_CuikSuite_examples_DoubleButterfly_DoubleButterfly_kin_1_gcl_10 {0.999774 -0.021238 -0.000000 0.000000 0.021238 0.999774 0.000000 0.000000 0.000000 -0.000000 1.000000 0.000000 -2.799224 5.270407 0.000000 1.000000 })
(xform-set sol__home_porta_cuik_CuikSuite_examples_DoubleButterfly_DoubleButterfly_kin_1_gcl_11 {0.999774 -0.021238 -0.000000 0.000000 0.021238 0.999774 0.000000 0.000000 0.000000 -0.000000 1.000000 0.000000 -2.799224 5.270407 0.000000 1.000000 })
(xform-set sol__home_porta_cuik_CuikSuite_examples_DoubleButterfly_DoubleButterfly_kin_1_gcl_12 {0.999774 -0.021238 -0.000000 0.000000 0.021238 0.999774 0.000000 0.000000 0.000000 -0.000000 1.000000 0.000000 -2.799224 5.270407 0.000000 1.000000 })
(xform-set sol__home_porta_cuik_CuikSuite_examples_DoubleButterfly_DoubleButterfly_kin_1_gcl_13 {0.848569 -0.529084 -0.000000 0.000000 0.529084 0.848569 0.000000 0.000000 0.000000 -0.000000 1.000000 0.000000 -4.534415 5.891194 0.000000 1.000000 })
(xform-set sol__home_porta_cuik_CuikSuite_examples_DoubleButterfly_DoubleButterfly_kin_1_gcl_14 {0.848569 -0.529084 -0.000000 0.000000 0.529084 0.848569 0.000000 0.000000 0.000000 -0.000000 1.000000 0.000000 -4.534415 5.891194 0.000000 1.000000 })
(xform-set sol__home_porta_cuik_CuikSuite_examples_DoubleButterfly_DoubleButterfly_kin_1_gcl_15 {0.848569 -0.529084 -0.000000 0.000000 0.529084 0.848569 0.000000 0.000000 0.000000 -0.000000 1.000000 0.000000 -4.534415 5.891194 0.000000 1.000000 })
(xform-set sol__home_porta_cuik_CuikSuite_examples_DoubleButterfly_DoubleButterfly_kin_1_gcl_16 {0.975934 0.218064 -0.000000 0.000000 -0.218064 0.975934 -0.000000 0.000000 0.000000 0.000000 1.000000 0.000000 -13.000000 0.000000 0.000000 1.000000 })
(xform-set sol__home_porta_cuik_CuikSuite_examples_DoubleButterfly_DoubleButterfly_kin_1_gcl_17 {0.975934 0.218064 -0.000000 0.000000 -0.218064 0.975934 -0.000000 0.000000 0.000000 0.000000 1.000000 0.000000 -13.000000 0.000000 0.000000 1.000000 })
(xform-set sol__home_porta_cuik_CuikSuite_examples_DoubleButterfly_DoubleButterfly_kin_1_gcl_18 {0.975934 0.218064 -0.000000 0.000000 -0.218064 0.975934 -0.000000 0.000000 0.000000 0.000000 1.000000 0.000000 -13.000000 0.000000 0.000000 1.000000 })
)
(sleep-for 0.100000)
(progn 
(xform-set sol__home_porta_cuik_CuikSuite_examples_DoubleButterfly_DoubleButterfly_kin_1_gcl_2 {-0.474950 -0.880013 -0.000000 0.000000 0.880013 -0.474950 -0.000000 0.000000 0.000000 -0.000000 1.000000 0.000000 -5.600000 4.200000 0.000000 1.000000 })
(xform-set sol__home_porta_cuik_CuikSuite_examples_DoubleButterfly_DoubleButterfly_kin_1_gcl_3 {-0.474950 -0.880013 -0.000000 0.000000 0.880013 -0.474950 -0.000000 0.000000 0.000000 -0.000000 1.000000 0.000000 -5.600000 4.200000 0.000000 1.000000 })
(xform-set sol__home_porta_cuik_CuikSuite_examples_DoubleButterfly_DoubleButterfly_kin_1_gcl_4 {0.717005 0.697068 -0.000000 0.000000 -0.697068 0.717005 -0.000000 0.000000 0.000000 0.000000 1.000000 0.000000 8.268989 7.254124 0.000000 1.000000 })
(xform-set sol__home_porta_cuik_CuikSuite_examples_DoubleButterfly_DoubleButterfly_kin_1_gcl_5 {0.329023 0.944322 -0.000000 0.000000 -0.944322 0.329023 -0.000000 0.000000 0.000000 0.000000 1.000000 0.000000 3.329795 8.030990 0.000000 1.000000 })
(xform-set sol__home_porta_cuik_CuikSuite_examples_DoubleButterfly_DoubleButterfly_kin_1_gcl_6 {0.329023 0.944322 -0.000000 0.000000 -0.944322 0.329023 -0.000000 0.000000 0.000000 0.000000 1.000000 0.000000 3.329795 8.030990 0.000000 1.000000 })
(xform-set sol__home_porta_cuik_CuikSuite_examples_DoubleButterfly_DoubleButterfly_kin_1_gcl_7 {0.751731 0.659470 -0.000000 0.000000 -0.659470 0.751731 -0.000000 0.000000 0.000000 0.000000 1.000000 0.000000 0.000000 0.000000 0.000000 1.000000 })
(xform-set sol__home_porta_cuik_CuikSuite_examples_DoubleButterfly_DoubleButterfly_kin_1_gcl_8 {0.751731 0.659470 -0.000000 0.000000 -0.659470 0.751731 -0.000000 0.000000 0.000000 0.000000 1.000000 0.000000 0.000000 0.000000 0.000000 1.000000 })
(xform-set sol__home_porta_cuik_CuikSuite_examples_DoubleButterfly_DoubleButterfly_kin_1_gcl_9 {0.751731 0.659470 -0.000000 0.000000 -0.659470 0.751731 -0.000000 0.000000 0.000000 0.000000 1.000000 0.000000 0.000000 0.000000 0.000000 1.000000 })
(xform-set sol__home_porta_cuik_CuikSuite_examples_DoubleButterfly_DoubleButterfly_kin_1_gcl_10 {0.999470 -0.032554 -0.000000 0.000000 0.032554 0.999470 0.000000 0.000000 0.000000 -0.000000 1.000000 0.000000 -2.877689 5.456387 0.000000 1.000000 })
(xform-set sol__home_porta_cuik_CuikSuite_examples_DoubleButterfly_DoubleButterfly_kin_1_gcl_11 {0.999470 -0.032554 -0.000000 0.000000 0.032554 0.999470 0.000000 0.000000 0.000000 -0.000000 1.000000 0.000000 -2.877689 5.456387 0.000000 1.000000 })
(xform-set sol__home_porta_cuik_CuikSuite_examples_DoubleButterfly_DoubleButterfly_kin_1_gcl_12 {0.999470 -0.032554 -0.000000 0.000000 0.032554 0.999470 0.000000 0.000000 0.000000 -0.000000 1.000000 0.000000 -2.877689 5.456387 0.000000 1.000000 })
(xform-set sol__home_porta_cuik_CuikSuite_examples_DoubleButterfly_DoubleButterfly_kin_1_gcl_13 {0.858121 -0.513447 -0.000000 0.000000 0.513447 0.858121 -0.000000 0.000000 0.000000 0.000000 1.000000 0.000000 -4.650656 5.958997 0.000000 1.000000 })
(xform-set sol__home_porta_cuik_CuikSuite_examples_DoubleButterfly_DoubleButterfly_kin_1_gcl_14 {0.858121 -0.513447 -0.000000 0.000000 0.513447 0.858121 -0.000000 0.000000 0.000000 0.000000 1.000000 0.000000 -4.650656 5.958997 0.000000 1.000000 })
(xform-set sol__home_porta_cuik_CuikSuite_examples_DoubleButterfly_DoubleButterfly_kin_1_gcl_15 {0.858121 -0.513447 -0.000000 0.000000 0.513447 0.858121 -0.000000 0.000000 0.000000 0.000000 1.000000 0.000000 -4.650656 5.958997 0.000000 1.000000 })
(xform-set sol__home_porta_cuik_CuikSuite_examples_DoubleButterfly_DoubleButterfly_kin_1_gcl_16 {0.972076 0.234664 -0.000000 0.000000 -0.234664 0.972076 -0.000000 0.000000 0.000000 0.000000 1.000000 0.000000 -13.000000 0.000000 0.000000 1.000000 })
(xform-set sol__home_porta_cuik_CuikSuite_examples_DoubleButterfly_DoubleButterfly_kin_1_gcl_17 {0.972076 0.234664 -0.000000 0.000000 -0.234664 0.972076 -0.000000 0.000000 0.000000 0.000000 1.000000 0.000000 -13.000000 0.000000 0.000000 1.000000 })
(xform-set sol__home_porta_cuik_CuikSuite_examples_DoubleButterfly_DoubleButterfly_kin_1_gcl_18 {0.972076 0.234664 -0.000000 0.000000 -0.234664 0.972076 -0.000000 0.000000 0.000000 0.000000 1.000000 0.000000 -13.000000 0.000000 0.000000 1.000000 })
)
(sleep-for 0.100000)
(progn 
(xform-set sol__home_porta_cuik_CuikSuite_examples_DoubleButterfly_DoubleButterfly_kin_1_gcl_2 {-0.414735 -0.909942 -0.000000 0.000000 0.909942 -0.414735 0.000000 0.000000 -0.000000 0.000000 1.000000 0.000000 -5.600000 4.200000 0.000000 1.000000 })
(xform-set sol__home_porta_cuik_CuikSuite_examples_DoubleButterfly_DoubleButterfly_kin_1_gcl_3 {-0.414735 -0.909942 -0.000000 0.000000 0.909942 -0.414735 0.000000 0.000000 -0.000000 0.000000 1.000000 0.000000 -5.600000 4.200000 0.000000 1.000000 })
(xform-set sol__home_porta_cuik_CuikSuite_examples_DoubleButterfly_DoubleButterfly_kin_1_gcl_4 {0.733954 0.679199 -0.000000 0.000000 -0.679199 0.733954 0.000000 0.000000 0.000000 0.000000 1.000000 0.000000 8.226638 7.302164 0.000000 1.000000 })
(xform-set sol__home_porta_cuik_CuikSuite_examples_DoubleButterfly_DoubleButterfly_kin_1_gcl_5 {0.333737 0.942666 -0.000000 0.000000 -0.942666 0.333737 0.000000 0.000000 0.000000 0.000000 1.000000 0.000000 3.308072 8.200407 0.000000 1.000000 })
(xform-set sol__home_porta_cuik_CuikSuite_examples_DoubleButterfly_DoubleButterfly_kin_1_gcl_6 {0.333737 0.942666 -0.000000 0.000000 -0.942666 0.333737 0.000000 0.000000 0.000000 0.000000 1.000000 0.000000 3.308072 8.200407 0.000000 1.000000 })
(xform-set sol__home_porta_cuik_CuikSuite_examples_DoubleButterfly_DoubleButterfly_kin_1_gcl_7 {0.747879 0.663835 -0.000000 0.000000 -0.663835 0.747879 0.000000 0.000000 0.000000 0.000000 1.000000 0.000000 0.000000 0.000000 0.000000 1.000000 })
(xform-set sol__home_porta_cuik_CuikSuite_examples_DoubleButterfly_DoubleButterfly_kin_1_gcl_8 {0.747879 0.663835 -0.000000 0.000000 -0.663835 0.747879 0.000000 0.000000 0.000000 0.000000 1.000000 0.000000 0.000000 0.000000 0.000000 1.000000 })
(xform-set sol__home_porta_cuik_CuikSuite_examples_DoubleButterfly_DoubleButterfly_kin_1_gcl_9 {0.747879 0.663835 -0.000000 0.000000 -0.663835 0.747879 0.000000 0.000000 0.000000 0.000000 1.000000 0.000000 0.000000 0.000000 0.000000 1.000000 })
(xform-set sol__home_porta_cuik_CuikSuite_examples_DoubleButterfly_DoubleButterfly_kin_1_gcl_10 {0.999147 -0.041295 -0.000000 0.000000 0.041295 0.999147 0.000000 0.000000 0.000000 -0.000000 1.000000 0.000000 -2.968179 5.636552 0.000000 1.000000 })
(xform-set sol__home_porta_cuik_CuikSuite_examples_DoubleButterfly_DoubleButterfly_kin_1_gcl_11 {0.999147 -0.041295 -0.000000 0.000000 0.041295 0.999147 0.000000 0.000000 0.000000 -0.000000 1.000000 0.000000 -2.968179 5.636552 0.000000 1.000000 })
(xform-set sol__home_porta_cuik_CuikSuite_examples_DoubleButterfly_DoubleButterfly_kin_1_gcl_12 {0.999147 -0.041295 -0.000000 0.000000 0.041295 0.999147 0.000000 0.000000 0.000000 -0.000000 1.000000 0.000000 -2.968179 5.636552 0.000000 1.000000 })
(xform-set sol__home_porta_cuik_CuikSuite_examples_DoubleButterfly_DoubleButterfly_kin_1_gcl_13 {0.868106 -0.496379 -0.000000 0.000000 0.496379 0.868106 0.000000 0.000000 0.000000 -0.000000 1.000000 0.000000 -4.770983 6.018890 0.000000 1.000000 })
(xform-set sol__home_porta_cuik_CuikSuite_examples_DoubleButterfly_DoubleButterfly_kin_1_gcl_14 {0.868106 -0.496379 -0.000000 0.000000 0.496379 0.868106 0.000000 0.000000 0.000000 -0.000000 1.000000 0.000000 -4.770983 6.018890 0.000000 1.000000 })
(xform-set sol__home_porta_cuik_CuikSuite_examples_DoubleButterfly_DoubleButterfly_kin_1_gcl_15 {0.868106 -0.496379 -0.000000 0.000000 0.496379 0.868106 0.000000 0.000000 0.000000 -0.000000 1.000000 0.000000 -4.770983 6.018890 0.000000 1.000000 })
(xform-set sol__home_porta_cuik_CuikSuite_examples_DoubleButterfly_DoubleButterfly_kin_1_gcl_16 {0.968060 0.250720 -0.000000 0.000000 -0.250720 0.968060 0.000000 0.000000 0.000000 0.000000 1.000000 0.000000 -13.000000 0.000000 0.000000 1.000000 })
(xform-set sol__home_porta_cuik_CuikSuite_examples_DoubleButterfly_DoubleButterfly_kin_1_gcl_17 {0.968060 0.250720 -0.000000 0.000000 -0.250720 0.968060 0.000000 0.000000 0.000000 0.000000 1.000000 0.000000 -13.000000 0.000000 0.000000 1.000000 })
(xform-set sol__home_porta_cuik_CuikSuite_examples_DoubleButterfly_DoubleButterfly_kin_1_gcl_18 {0.968060 0.250720 -0.000000 0.000000 -0.250720 0.968060 0.000000 0.000000 0.000000 0.000000 1.000000 0.000000 -13.000000 0.000000 0.000000 1.000000 })
)
(sleep-for 0.100000)
(progn 
(xform-set sol__home_porta_cuik_CuikSuite_examples_DoubleButterfly_DoubleButterfly_kin_1_gcl_2 {-0.336812 -0.941572 -0.000000 0.000000 0.941572 -0.336812 0.000000 0.000000 -0.000000 0.000000 1.000000 0.000000 -5.600000 4.200000 0.000000 1.000000 })
(xform-set sol__home_porta_cuik_CuikSuite_examples_DoubleButterfly_DoubleButterfly_kin_1_gcl_3 {-0.336812 -0.941572 -0.000000 0.000000 0.941572 -0.336812 0.000000 0.000000 -0.000000 0.000000 1.000000 0.000000 -5.600000 4.200000 0.000000 1.000000 })
(xform-set sol__home_porta_cuik_CuikSuite_examples_DoubleButterfly_DoubleButterfly_kin_1_gcl_4 {0.752484 0.658611 -0.000000 0.000000 -0.658611 0.752484 -0.000000 0.000000 0.000000 0.000000 1.000000 0.000000 8.147916 7.389259 0.000000 1.000000 })
(xform-set sol__home_porta_cuik_CuikSuite_examples_DoubleButterfly_DoubleButterfly_kin_1_gcl_5 {0.336118 0.941820 -0.000000 0.000000 -0.941820 0.336118 -0.000000 0.000000 0.000000 0.000000 1.000000 0.000000 3.256581 8.423043 0.000000 1.000000 })
(xform-set sol__home_porta_cuik_CuikSuite_examples_DoubleButterfly_DoubleButterfly_kin_1_gcl_6 {0.336118 0.941820 -0.000000 0.000000 -0.941820 0.336118 -0.000000 0.000000 0.000000 0.000000 1.000000 0.000000 3.256581 8.423043 0.000000 1.000000 })
(xform-set sol__home_porta_cuik_CuikSuite_examples_DoubleButterfly_DoubleButterfly_kin_1_gcl_7 {0.740751 0.671779 -0.000000 0.000000 -0.671779 0.740751 0.000000 0.000000 0.000000 0.000000 1.000000 0.000000 0.000000 0.000000 0.000000 1.000000 })
(xform-set sol__home_porta_cuik_CuikSuite_examples_DoubleButterfly_DoubleButterfly_kin_1_gcl_8 {0.740751 0.671779 -0.000000 0.000000 -0.671779 0.740751 0.000000 0.000000 0.000000 0.000000 1.000000 0.000000 0.000000 0.000000 0.000000 1.000000 })
(xform-set sol__home_porta_cuik_CuikSuite_examples_DoubleButterfly_DoubleButterfly_kin_1_gcl_9 {0.740751 0.671779 -0.000000 0.000000 -0.671779 0.740751 0.000000 0.000000 0.000000 0.000000 1.000000 0.000000 0.000000 0.000000 0.000000 1.000000 })
(xform-set sol__home_porta_cuik_CuikSuite_examples_DoubleButterfly_DoubleButterfly_kin_1_gcl_10 {0.998818 -0.048613 -0.000000 0.000000 0.048613 0.998818 0.000000 0.000000 0.000000 -0.000000 1.000000 0.000000 -3.100083 5.851356 0.000000 1.000000 })
(xform-set sol__home_porta_cuik_CuikSuite_examples_DoubleButterfly_DoubleButterfly_kin_1_gcl_11 {0.998818 -0.048613 -0.000000 0.000000 0.048613 0.998818 0.000000 0.000000 0.000000 -0.000000 1.000000 0.000000 -3.100083 5.851356 0.000000 1.000000 })
(xform-set sol__home_porta_cuik_CuikSuite_examples_DoubleButterfly_DoubleButterfly_kin_1_gcl_12 {0.998818 -0.048613 -0.000000 0.000000 0.048613 0.998818 0.000000 0.000000 0.000000 -0.000000 1.000000 0.000000 -3.100083 5.851356 0.000000 1.000000 })
(xform-set sol__home_porta_cuik_CuikSuite_examples_DoubleButterfly_DoubleButterfly_kin_1_gcl_13 {0.881201 -0.472742 -0.000000 0.000000 0.472742 0.881201 0.000000 0.000000 0.000000 -0.000000 1.000000 0.000000 -4.927253 6.080690 0.000000 1.000000 })
(xform-set sol__home_porta_cuik_CuikSuite_examples_DoubleButterfly_DoubleButterfly_kin_1_gcl_14 {0.881201 -0.472742 -0.000000 0.000000 0.472742 0.881201 0.000000 0.000000 0.000000 -0.000000 1.000000 0.000000 -4.927253 6.080690 0.000000 1.000000 })
(xform-set sol__home_porta_cuik_CuikSuite_examples_DoubleButterfly_DoubleButterfly_kin_1_gcl_15 {0.881201 -0.472742 -0.000000 0.000000 0.472742 0.881201 0.000000 0.000000 0.000000 -0.000000 1.000000 0.000000 -4.927253 6.080690 0.000000 1.000000 })
(xform-set sol__home_porta_cuik_CuikSuite_examples_DoubleButterfly_DoubleButterfly_kin_1_gcl_16 {0.962778 0.270292 -0.000000 0.000000 -0.270292 0.962778 0.000000 0.000000 0.000000 0.000000 1.000000 0.000000 -13.000000 0.000000 0.000000 1.000000 })
(xform-set sol__home_porta_cuik_CuikSuite_examples_DoubleButterfly_DoubleButterfly_kin_1_gcl_17 {0.962778 0.270292 -0.000000 0.000000 -0.270292 0.962778 0.000000 0.000000 0.000000 0.000000 1.000000 0.000000 -13.000000 0.000000 0.000000 1.000000 })
(xform-set sol__home_porta_cuik_CuikSuite_examples_DoubleButterfly_DoubleButterfly_kin_1_gcl_18 {0.962778 0.270292 -0.000000 0.000000 -0.270292 0.962778 0.000000 0.000000 0.000000 0.000000 1.000000 0.000000 -13.000000 0.000000 0.000000 1.000000 })
)
(sleep-for 0.100000)
(progn 
(xform-set sol__home_porta_cuik_CuikSuite_examples_DoubleButterfly_DoubleButterfly_kin_1_gcl_2 {-0.240562 -0.970634 -0.000000 0.000000 0.970634 -0.240562 -0.000000 0.000000 0.000000 -0.000000 1.000000 0.000000 -5.600000 4.200000 0.000000 1.000000 })
(xform-set sol__home_porta_cuik_CuikSuite_examples_DoubleButterfly_DoubleButterfly_kin_1_gcl_3 {-0.240562 -0.970634 -0.000000 0.000000 0.970634 -0.240562 -0.000000 0.000000 0.000000 -0.000000 1.000000 0.000000 -5.600000 4.200000 0.000000 1.000000 })
(xform-set sol__home_porta_cuik_CuikSuite_examples_DoubleButterfly_DoubleButterfly_kin_1_gcl_4 {0.772276 0.635288 -0.000000 0.000000 -0.635288 0.772276 0.000000 0.000000 0.000000 0.000000 1.000000 0.000000 8.027163 7.520512 0.000000 1.000000 })
(xform-set sol__home_porta_cuik_CuikSuite_examples_DoubleButterfly_DoubleButterfly_kin_1_gcl_5 {0.334702 0.942324 -0.000000 0.000000 -0.942324 0.334702 -0.000000 0.000000 0.000000 0.000000 1.000000 0.000000 3.169300 8.703811 0.000000 1.000000 })
(xform-set sol__home_porta_cuik_CuikSuite_examples_DoubleButterfly_DoubleButterfly_kin_1_gcl_6 {0.334702 0.942324 -0.000000 0.000000 -0.942324 0.334702 -0.000000 0.000000 0.000000 0.000000 1.000000 0.000000 3.169300 8.703811 0.000000 1.000000 })
(xform-set sol__home_porta_cuik_CuikSuite_examples_DoubleButterfly_DoubleButterfly_kin_1_gcl_7 {0.729762 0.683701 -0.000000 0.000000 -0.683701 0.729762 -0.000000 0.000000 0.000000 0.000000 1.000000 0.000000 0.000000 0.000000 0.000000 1.000000 })
(xform-set sol__home_porta_cuik_CuikSuite_examples_DoubleButterfly_DoubleButterfly_kin_1_gcl_8 {0.729762 0.683701 -0.000000 0.000000 -0.683701 0.729762 -0.000000 0.000000 0.000000 0.000000 1.000000 0.000000 0.000000 0.000000 0.000000 1.000000 })
(xform-set sol__home_porta_cuik_CuikSuite_examples_DoubleButterfly_DoubleButterfly_kin_1_gcl_9 {0.729762 0.683701 -0.000000 0.000000 -0.683701 0.729762 -0.000000 0.000000 0.000000 0.000000 1.000000 0.000000 0.000000 0.000000 0.000000 1.000000 })
(xform-set sol__home_porta_cuik_CuikSuite_examples_DoubleButterfly_DoubleButterfly_kin_1_gcl_10 {0.998578 -0.053304 -0.000000 0.000000 0.053304 0.998578 0.000000 0.000000 0.000000 -0.000000 1.000000 0.000000 -3.278362 6.094185 0.000000 1.000000 })
(xform-set sol__home_porta_cuik_CuikSuite_examples_DoubleButterfly_DoubleButterfly_kin_1_gcl_11 {0.998578 -0.053304 -0.000000 0.000000 0.053304 0.998578 0.000000 0.000000 0.000000 -0.000000 1.000000 0.000000 -3.278362 6.094185 0.000000 1.000000 })
(xform-set sol__home_porta_cuik_CuikSuite_examples_DoubleButterfly_DoubleButterfly_kin_1_gcl_12 {0.998578 -0.053304 -0.000000 0.000000 0.053304 0.998578 0.000000 0.000000 0.000000 -0.000000 1.000000 0.000000 -3.278362 6.094185 0.000000 1.000000 })
(xform-set sol__home_porta_cuik_CuikSuite_examples_DoubleButterfly_DoubleButterfly_kin_1_gcl_13 {0.897280 -0.441462 -0.000000 0.000000 0.441462 0.897280 0.000000 0.000000 0.000000 -0.000000 1.000000 0.000000 -5.119467 6.138887 0.000000 1.000000 })
(xform-set sol__home_porta_cuik_CuikSuite_examples_DoubleButterfly_DoubleButterfly_kin_1_gcl_14 {0.897280 -0.441462 -0.000000 0.000000 0.441462 0.897280 0.000000 0.000000 0.000000 -0.000000 1.000000 0.000000 -5.119467 6.138887 0.000000 1.000000 })
(xform-set sol__home_porta_cuik_CuikSuite_examples_DoubleButterfly_DoubleButterfly_kin_1_gcl_15 {0.897280 -0.441462 -0.000000 0.000000 0.441462 0.897280 0.000000 0.000000 0.000000 -0.000000 1.000000 0.000000 -5.119467 6.138887 0.000000 1.000000 })
(xform-set sol__home_porta_cuik_CuikSuite_examples_DoubleButterfly_DoubleButterfly_kin_1_gcl_16 {0.956087 0.293083 -0.000000 0.000000 -0.293083 0.956087 -0.000000 0.000000 0.000000 0.000000 1.000000 0.000000 -13.000000 0.000000 0.000000 1.000000 })
(xform-set sol__home_porta_cuik_CuikSuite_examples_DoubleButterfly_DoubleButterfly_kin_1_gcl_17 {0.956087 0.293083 -0.000000 0.000000 -0.293083 0.956087 -0.000000 0.000000 0.000000 0.000000 1.000000 0.000000 -13.000000 0.000000 0.000000 1.000000 })
(xform-set sol__home_porta_cuik_CuikSuite_examples_DoubleButterfly_DoubleButterfly_kin_1_gcl_18 {0.956087 0.293083 -0.000000 0.000000 -0.293083 0.956087 -0.000000 0.000000 0.000000 0.000000 1.000000 0.000000 -13.000000 0.000000 0.000000 1.000000 })
)
(sleep-for 0.100000)
(progn 
(xform-set sol__home_porta_cuik_CuikSuite_examples_DoubleButterfly_DoubleButterfly_kin_1_gcl_2 {-0.144330 -0.989530 -0.000000 0.000000 0.989530 -0.144330 -0.000000 0.000000 0.000000 -0.000000 1.000000 0.000000 -5.600000 4.200000 0.000000 1.000000 })
(xform-set sol__home_porta_cuik_CuikSuite_examples_DoubleButterfly_DoubleButterfly_kin_1_gcl_3 {-0.144330 -0.989530 -0.000000 0.000000 0.989530 -0.144330 -0.000000 0.000000 0.000000 -0.000000 1.000000 0.000000 -5.600000 4.200000 0.000000 1.000000 })
(xform-set sol__home_porta_cuik_CuikSuite_examples_DoubleButterfly_DoubleButterfly_kin_1_gcl_4 {0.789540 0.613700 -0.000000 0.000000 -0.613700 0.789540 0.000000 0.000000 0.000000 0.000000 1.000000 0.000000 7.882186 7.672296 0.000000 1.000000 })
(xform-set sol__home_porta_cuik_CuikSuite_examples_DoubleButterfly_DoubleButterfly_kin_1_gcl_5 {0.329815 0.944046 -0.000000 0.000000 -0.944046 0.329815 -0.000000 0.000000 0.000000 0.000000 1.000000 0.000000 3.059120 8.989051 0.000000 1.000000 })
(xform-set sol__home_porta_cuik_CuikSuite_examples_DoubleButterfly_DoubleButterfly_kin_1_gcl_6 {0.329815 0.944046 -0.000000 0.000000 -0.944046 0.329815 -0.000000 0.000000 0.000000 0.000000 1.000000 0.000000 3.059120 8.989051 0.000000 1.000000 })
(xform-set sol__home_porta_cuik_CuikSuite_examples_DoubleButterfly_DoubleButterfly_kin_1_gcl_7 {0.716583 0.697502 -0.000000 0.000000 -0.697502 0.716583 -0.000000 0.000000 0.000000 0.000000 1.000000 0.000000 0.000000 0.000000 0.000000 1.000000 })
(xform-set sol__home_porta_cuik_CuikSuite_examples_DoubleButterfly_DoubleButterfly_kin_1_gcl_8 {0.716583 0.697502 -0.000000 0.000000 -0.697502 0.716583 -0.000000 0.000000 0.000000 0.000000 1.000000 0.000000 0.000000 0.000000 0.000000 1.000000 })
(xform-set sol__home_porta_cuik_CuikSuite_examples_DoubleButterfly_DoubleButterfly_kin_1_gcl_9 {0.716583 0.697502 -0.000000 0.000000 -0.697502 0.716583 -0.000000 0.000000 0.000000 0.000000 1.000000 0.000000 0.000000 0.000000 0.000000 1.000000 })
(xform-set sol__home_porta_cuik_CuikSuite_examples_DoubleButterfly_DoubleButterfly_kin_1_gcl_10 {0.998564 -0.053573 -0.000000 0.000000 0.053573 0.998564 0.000000 0.000000 0.000000 -0.000000 1.000000 0.000000 -3.474964 6.312581 0.000000 1.000000 })
(xform-set sol__home_porta_cuik_CuikSuite_examples_DoubleButterfly_DoubleButterfly_kin_1_gcl_11 {0.998564 -0.053573 -0.000000 0.000000 0.053573 0.998564 0.000000 0.000000 0.000000 -0.000000 1.000000 0.000000 -3.474964 6.312581 0.000000 1.000000 })
(xform-set sol__home_porta_cuik_CuikSuite_examples_DoubleButterfly_DoubleButterfly_kin_1_gcl_12 {0.998564 -0.053573 -0.000000 0.000000 0.053573 0.998564 0.000000 0.000000 0.000000 -0.000000 1.000000 0.000000 -3.474964 6.312581 0.000000 1.000000 })
(xform-set sol__home_porta_cuik_CuikSuite_examples_DoubleButterfly_DoubleButterfly_kin_1_gcl_13 {0.913181 -0.407554 -0.000000 0.000000 0.407554 0.913181 0.000000 0.000000 0.000000 -0.000000 1.000000 0.000000 -5.311680 6.176724 0.000000 1.000000 })
