(progn (normalization World none)
(bbox-draw World no)
(backcolor World 1.0 1.0 1.0)
(dice World 10.0)
 )
(progn 
(sleep-for 5.000000)
(progn 
(geometry sol__home_porta_cuik_CuikSuite_examples_DoubleButterfly_DoubleButterfly_final_gcl_1 {LIST 
OFF
6 5 1

0.000000 0.000000 0.000000
-13.000000 0.000000 0.000000
-5.600000 4.200000 0.000000
0.000000 0.000000 -0.100000
-13.000000 0.000000 -0.100000
-5.600000 4.200000 -0.100000

3   0 1 2 
3   5 4 3 
4   3 4 1 0 
4   4 5 2 1 
4   5 3 0 2 

})
(merge-ap sol__home_porta_cuik_CuikSuite_examples_DoubleButterfly_DoubleButterfly_final_gcl_1 {shading flat})
(merge-ap sol__home_porta_cuik_CuikSuite_examples_DoubleButterfly_DoubleButterfly_final_gcl_1 {material {kd 0.75  ambient 0.500000 0.500000 0.000000 *diffuse 0.500000 0.500000 0.000000 edgecolor 0.500000 0.500000 0.000000}})
(geometry sol__home_porta_cuik_CuikSuite_examples_DoubleButterfly_DoubleButterfly_final_gcl_2 {LIST 
OFF
6 5 1

0.000000 0.000000 0.000000
-2.000000 0.000000 0.000000
-2.400000 1.800000 0.000000
0.000000 0.000000 -0.100000
-2.000000 0.000000 -0.100000
-2.400000 1.800000 -0.100000

3   0 1 2 
3   5 4 3 
4   3 4 1 0 
4   4 5 2 1 
4   5 3 0 2 

})
(merge-ap sol__home_porta_cuik_CuikSuite_examples_DoubleButterfly_DoubleButterfly_final_gcl_2 {shading flat})
(merge-ap sol__home_porta_cuik_CuikSuite_examples_DoubleButterfly_DoubleButterfly_final_gcl_2 {material {kd 0.75  ambient 0.700000 0.700000 0.000000 *diffuse 0.700000 0.700000 0.000000 edgecolor 0.700000 0.700000 0.000000}})
(geometry sol__home_porta_cuik_CuikSuite_examples_DoubleButterfly_DoubleButterfly_final_gcl_3 {LIST 
{SPHERE 0.200000 0.000000 0.000000 0.000000}
})
(merge-ap sol__home_porta_cuik_CuikSuite_examples_DoubleButterfly_DoubleButterfly_final_gcl_3 {shading flat})
(merge-ap sol__home_porta_cuik_CuikSuite_examples_DoubleButterfly_DoubleButterfly_final_gcl_3 {material {kd 0.75  ambient 1.000000 0.000000 0.000000 *diffuse 1.000000 0.000000 0.000000 edgecolor 1.000000 0.000000 0.000000}})
(geometry sol__home_porta_cuik_CuikSuite_examples_DoubleButterfly_DoubleButterfly_final_gcl_4 {LIST 
OFF
6 5 1

0.000000 0.000000 0.000000
-3.000000 0.000000 0.000000
-3.000000 4.000000 0.000000
0.000000 0.000000 -0.100000
-3.000000 0.000000 -0.100000
-3.000000 4.000000 -0.100000

3   0 1 2 
3   5 4 3 
4   3 4 1 0 
4   4 5 2 1 
4   5 3 0 2 

})
(merge-ap sol__home_porta_cuik_CuikSuite_examples_DoubleButterfly_DoubleButterfly_final_gcl_4 {shading flat})
(merge-ap sol__home_porta_cuik_CuikSuite_examples_DoubleButterfly_DoubleButterfly_final_gcl_4 {material {kd 0.75  ambient 0.900000 0.900000 0.000000 *diffuse 0.900000 0.900000 0.000000 edgecolor 0.900000 0.900000 0.000000}})
(geometry sol__home_porta_cuik_CuikSuite_examples_DoubleButterfly_DoubleButterfly_final_gcl_5 {LIST 
OFF
6 5 1

0.000000 0.000000 0.000000
-6.000000 0.000000 0.000000
-6.460000 2.690000 0.000000
0.000000 0.000000 -0.100000
-6.000000 0.000000 -0.100000
-6.460000 2.690000 -0.100000

3   0 1 2 
3   5 4 3 
4   3 4 1 0 
4   4 5 2 1 
4   5 3 0 2 

})
(merge-ap sol__home_porta_cuik_CuikSuite_examples_DoubleButterfly_DoubleButterfly_final_gcl_5 {shading flat})
(merge-ap sol__home_porta_cuik_CuikSuite_examples_DoubleButterfly_DoubleButterfly_final_gcl_5 {material {kd 0.75  ambient 1.000000 1.000000 0.000000 *diffuse 1.000000 1.000000 0.000000 edgecolor 1.000000 1.000000 0.000000}})
(geometry sol__home_porta_cuik_CuikSuite_examples_DoubleButterfly_DoubleButterfly_final_gcl_6 {LIST 
{SPHERE 0.200000 0.000000 0.000000 0.000000}
})
(merge-ap sol__home_porta_cuik_CuikSuite_examples_DoubleButterfly_DoubleButterfly_final_gcl_6 {shading flat})
(merge-ap sol__home_porta_cuik_CuikSuite_examples_DoubleButterfly_DoubleButterfly_final_gcl_6 {material {kd 0.75  ambient 1.000000 0.000000 0.000000 *diffuse 1.000000 0.000000 0.000000 edgecolor 1.000000 0.000000 0.000000}})
(geometry sol__home_porta_cuik_CuikSuite_examples_DoubleButterfly_DoubleButterfly_final_gcl_7 {LIST 
{INST
  geom      { {LIST{INST geom { CBEZ223 2 1 0 1 1 0 0 1 0 2 1 1 1 1 1 0 1 1 2 0 1 1 0 1 0 0 1 0 0 1 1 0 0 1 1 0 0 1 1 0 0 1 1 } transforms{ = TLIST 0.5 0 0 0 0 1 0 0 0 0 1 0 0 0 0 1 0.5 0 0 0 0 0 1 0 0 -1 0 0 0 0 0 1 0.5 0 0 0 0 -1 0 0 0 0 -1 0 0 0 0 1 0.5 0 0 0 0 0 -1 0 0 1 0 0 0 0 0 1}}} }
  transform { 11.000000 0.000000 0.000000 0.000000 0.000000 0.100000 0.000000 0.000000 0.000000 0.000000 0.100000 0.000000 0.000000 0.000000 0.000000 1.000000 }
}
})
(merge-ap sol__home_porta_cuik_CuikSuite_examples_DoubleButterfly_DoubleButterfly_final_gcl_7 {shading flat})
(merge-ap sol__home_porta_cuik_CuikSuite_examples_DoubleButterfly_DoubleButterfly_final_gcl_7 {material {kd 0.75  ambient 0.000000 0.000000 0.000000 *diffuse 0.000000 0.000000 0.000000 edgecolor 0.000000 0.000000 0.000000}})
(geometry sol__home_porta_cuik_CuikSuite_examples_DoubleButterfly_DoubleButterfly_final_gcl_8 {LIST 
{SPHERE 0.200000 0.000000 0.000000 0.000000}
})
(merge-ap sol__home_porta_cuik_CuikSuite_examples_DoubleButterfly_DoubleButterfly_final_gcl_8 {shading flat})
(merge-ap sol__home_porta_cuik_CuikSuite_examples_DoubleButterfly_DoubleButterfly_final_gcl_8 {material {kd 0.75  ambient 1.000000 0.000000 0.000000 *diffuse 1.000000 0.000000 0.000000 edgecolor 1.000000 0.000000 0.000000}})
(geometry sol__home_porta_cuik_CuikSuite_examples_DoubleButterfly_DoubleButterfly_final_gcl_9 {LIST 
{SPHERE 0.200000 11.000000 0.000000 0.000000}
})
(merge-ap sol__home_porta_cuik_CuikSuite_examples_DoubleButterfly_DoubleButterfly_final_gcl_9 {shading flat})
(merge-ap sol__home_porta_cuik_CuikSuite_examples_DoubleButterfly_DoubleButterfly_final_gcl_9 {material {kd 0.75  ambient 1.000000 0.000000 0.000000 *diffuse 1.000000 0.000000 0.000000 edgecolor 1.000000 0.000000 0.000000}})
(geometry sol__home_porta_cuik_CuikSuite_examples_DoubleButterfly_DoubleButterfly_final_gcl_10 {LIST 
{INST
  geom      { {LIST{INST geom { CBEZ223 2 1 0 1 1 0 0 1 0 2 1 1 1 1 1 0 1 1 2 0 1 1 0 1 0 0 1 0 0 1 1 0 0 1 1 0 0 1 1 0 0 1 1 } transforms{ = TLIST 0.5 0 0 0 0 1 0 0 0 0 1 0 0 0 0 1 0.5 0 0 0 0 0 1 0 0 -1 0 0 0 0 0 1 0.5 0 0 0 0 -1 0 0 0 0 -1 0 0 0 0 1 0.5 0 0 0 0 0 -1 0 0 1 0 0 0 0 0 1}}} }
  transform { 9.000000 0.000000 0.000000 0.000000 0.000000 0.100000 0.000000 0.000000 0.000000 0.000000 0.100000 0.000000 0.000000 0.000000 0.000000 1.000000 }
}
})
(merge-ap sol__home_porta_cuik_CuikSuite_examples_DoubleButterfly_DoubleButterfly_final_gcl_10 {shading flat})
(merge-ap sol__home_porta_cuik_CuikSuite_examples_DoubleButterfly_DoubleButterfly_final_gcl_10 {material {kd 0.75  ambient 0.000000 0.000000 0.000000 *diffuse 0.000000 0.000000 0.000000 edgecolor 0.000000 0.000000 0.000000}})
(geometry sol__home_porta_cuik_CuikSuite_examples_DoubleButterfly_DoubleButterfly_final_gcl_11 {LIST 
{SPHERE 0.200000 0.000000 0.000000 0.000000}
})
(merge-ap sol__home_porta_cuik_CuikSuite_examples_DoubleButterfly_DoubleButterfly_final_gcl_11 {shading flat})
(merge-ap sol__home_porta_cuik_CuikSuite_examples_DoubleButterfly_DoubleButterfly_final_gcl_11 {material {kd 0.75  ambient 1.000000 0.000000 0.000000 *diffuse 1.000000 0.000000 0.000000 edgecolor 1.000000 0.000000 0.000000}})
(geometry sol__home_porta_cuik_CuikSuite_examples_DoubleButterfly_DoubleButterfly_final_gcl_12 {LIST 
{SPHERE 0.200000 9.000000 0.000000 0.000000}
})
(merge-ap sol__home_porta_cuik_CuikSuite_examples_DoubleButterfly_DoubleButterfly_final_gcl_12 {shading flat})
(merge-ap sol__home_porta_cuik_CuikSuite_examples_DoubleButterfly_DoubleButterfly_final_gcl_12 {material {kd 0.75  ambient 1.000000 0.000000 0.000000 *diffuse 1.000000 0.000000 0.000000 edgecolor 1.000000 0.000000 0.000000}})
(geometry sol__home_porta_cuik_CuikSuite_examples_DoubleButterfly_DoubleButterfly_final_gcl_13 {LIST 
{INST
  geom      { {LIST{INST geom { CBEZ223 2 1 0 1 1 0 0 1 0 2 1 1 1 1 1 0 1 1 2 0 1 1 0 1 0 0 1 0 0 1 1 0 0 1 1 0 0 1 1 0 0 1 1 } transforms{ = TLIST 0.5 0 0 0 0 1 0 0 0 0 1 0 0 0 0 1 0.5 0 0 0 0 0 1 0 0 -1 0 0 0 0 0 1 0.5 0 0 0 0 -1 0 0 0 0 -1 0 0 0 0 1 0.5 0 0 0 0 0 -1 0 0 1 0 0 0 0 0 1}}} }
  transform { 7.000000 0.000000 0.000000 0.000000 0.000000 0.100000 0.000000 0.000000 0.000000 0.000000 0.100000 0.000000 0.000000 0.000000 0.000000 1.000000 }
}
})
(merge-ap sol__home_porta_cuik_CuikSuite_examples_DoubleButterfly_DoubleButterfly_final_gcl_13 {shading flat})
(merge-ap sol__home_porta_cuik_CuikSuite_examples_DoubleButterfly_DoubleButterfly_final_gcl_13 {material {kd 0.75  ambient 0.000000 0.000000 0.000000 *diffuse 0.000000 0.000000 0.000000 edgecolor 0.000000 0.000000 0.000000}})
(geometry sol__home_porta_cuik_CuikSuite_examples_DoubleButterfly_DoubleButterfly_final_gcl_14 {LIST 
{SPHERE 0.200000 0.000000 0.000000 0.000000}
})
(merge-ap sol__home_porta_cuik_CuikSuite_examples_DoubleButterfly_DoubleButterfly_final_gcl_14 {shading flat})
(merge-ap sol__home_porta_cuik_CuikSuite_examples_DoubleButterfly_DoubleButterfly_final_gcl_14 {material {kd 0.75  ambient 1.000000 0.000000 0.000000 *diffuse 1.000000 0.000000 0.000000 edgecolor 1.000000 0.000000 0.000000}})
(geometry sol__home_porta_cuik_CuikSuite_examples_DoubleButterfly_DoubleButterfly_final_gcl_15 {LIST 
{SPHERE 0.200000 7.000000 0.000000 0.000000}
})
(merge-ap sol__home_porta_cuik_CuikSuite_examples_DoubleButterfly_DoubleButterfly_final_gcl_15 {shading flat})
(merge-ap sol__home_porta_cuik_CuikSuite_examples_DoubleButterfly_DoubleButterfly_final_gcl_15 {material {kd 0.75  ambient 1.000000 0.000000 0.000000 *diffuse 1.000000 0.000000 0.000000 edgecolor 1.000000 0.000000 0.000000}})
(geometry sol__home_porta_cuik_CuikSuite_examples_DoubleButterfly_DoubleButterfly_final_gcl_16 {LIST 
{INST
  geom      { {LIST{INST geom { CBEZ223 2 1 0 1 1 0 0 1 0 2 1 1 1 1 1 0 1 1 2 0 1 1 0 1 0 0 1 0 0 1 1 0 0 1 1 0 0 1 1 0 0 1 1 } transforms{ = TLIST 0.5 0 0 0 0 1 0 0 0 0 1 0 0 0 0 1 0.5 0 0 0 0 0 1 0 0 -1 0 0 0 0 0 1 0.5 0 0 0 0 -1 0 0 0 0 -1 0 0 0 0 1 0.5 0 0 0 0 0 -1 0 0 1 0 0 0 0 0 1}}} }
  transform { 12.000000 0.000000 0.000000 0.000000 0.000000 0.100000 0.000000 0.000000 0.000000 0.000000 0.100000 0.000000 0.000000 0.000000 0.000000 1.000000 }
}
})
(merge-ap sol__home_porta_cuik_CuikSuite_examples_DoubleButterfly_DoubleButterfly_final_gcl_16 {shading flat})
(merge-ap sol__home_porta_cuik_CuikSuite_examples_DoubleButterfly_DoubleButterfly_final_gcl_16 {material {kd 0.75  ambient 0.000000 0.000000 0.000000 *diffuse 0.000000 0.000000 0.000000 edgecolor 0.000000 0.000000 0.000000}})
(geometry sol__home_porta_cuik_CuikSuite_examples_DoubleButterfly_DoubleButterfly_final_gcl_17 {LIST 
{SPHERE 0.200000 0.000000 0.000000 0.000000}
})
(merge-ap sol__home_porta_cuik_CuikSuite_examples_DoubleButterfly_DoubleButterfly_final_gcl_17 {shading flat})
(merge-ap sol__home_porta_cuik_CuikSuite_examples_DoubleButterfly_DoubleButterfly_final_gcl_17 {material {kd 0.75  ambient 1.000000 0.000000 0.000000 *diffuse 1.000000 0.000000 0.000000 edgecolor 1.000000 0.000000 0.000000}})
(geometry sol__home_porta_cuik_CuikSuite_examples_DoubleButterfly_DoubleButterfly_final_gcl_18 {LIST 
{SPHERE 0.200000 12.000000 0.000000 0.000000}
})
(merge-ap sol__home_porta_cuik_CuikSuite_examples_DoubleButterfly_DoubleButterfly_final_gcl_18 {shading flat})
(merge-ap sol__home_porta_cuik_CuikSuite_examples_DoubleButterfly_DoubleButterfly_final_gcl_18 {material {kd 0.75  ambient 1.000000 0.000000 0.000000 *diffuse 1.000000 0.000000 0.000000 edgecolor 1.000000 0.000000 0.000000}})
)
(progn 
(xform-set sol__home_porta_cuik_CuikSuite_examples_DoubleButterfly_DoubleButterfly_final_gcl_2 {-0.839131 -0.543930 0.000000 0.000000 0.543930 -0.839131 0.000000 0.000000 0.000000 0.000000 1.000000 0.000000 -5.600000 4.200000 0.000000 1.000000 })
(xform-set sol__home_porta_cuik_CuikSuite_examples_DoubleButterfly_DoubleButterfly_final_gcl_3 {-0.839131 -0.543930 0.000000 0.000000 0.543930 -0.839131 0.000000 0.000000 0.000000 0.000000 1.000000 0.000000 -5.600000 4.200000 0.000000 1.000000 })
(xform-set sol__home_porta_cuik_CuikSuite_examples_DoubleButterfly_DoubleButterfly_final_gcl_4 {-0.915550 -0.402205 0.000000 0.000000 0.402205 -0.915550 0.000000 0.000000 0.000000 0.000000 1.000000 0.000000 -9.764473 -5.056313 0.000000 1.000000 })
(xform-set sol__home_porta_cuik_CuikSuite_examples_DoubleButterfly_DoubleButterfly_final_gcl_5 {-0.255706 -0.966755 0.000000 0.000000 0.966755 -0.255706 0.000000 0.000000 0.000000 0.000000 1.000000 0.000000 -5.409543 -7.509206 0.000000 1.000000 })
(xform-set sol__home_porta_cuik_CuikSuite_examples_DoubleButterfly_DoubleButterfly_final_gcl_6 {-0.255706 -0.966755 0.000000 0.000000 0.966755 -0.255706 0.000000 0.000000 0.000000 0.000000 1.000000 0.000000 -5.409543 -7.509206 0.000000 1.000000 })
(xform-set sol__home_porta_cuik_CuikSuite_examples_DoubleButterfly_DoubleButterfly_final_gcl_7 {-0.888005 -0.459834 0.000000 0.000000 0.459834 -0.888005 0.000000 0.000000 0.000000 0.000000 1.000000 0.000000 0.000000 0.000000 0.000000 1.000000 })
(xform-set sol__home_porta_cuik_CuikSuite_examples_DoubleButterfly_DoubleButterfly_final_gcl_8 {-0.888005 -0.459834 0.000000 0.000000 0.459834 -0.888005 0.000000 0.000000 0.000000 0.000000 1.000000 0.000000 0.000000 0.000000 0.000000 1.000000 })
(xform-set sol__home_porta_cuik_CuikSuite_examples_DoubleButterfly_DoubleButterfly_final_gcl_9 {-0.888005 -0.459834 0.000000 0.000000 0.459834 -0.888005 0.000000 0.000000 0.000000 0.000000 1.000000 0.000000 0.000000 0.000000 0.000000 1.000000 })
(xform-set sol__home_porta_cuik_CuikSuite_examples_DoubleButterfly_DoubleButterfly_final_gcl_10 {-0.490259 -0.871577 0.000000 0.000000 0.871577 -0.490259 0.000000 0.000000 0.000000 0.000000 1.000000 0.000000 -2.609430 3.995163 0.000000 1.000000 })
(xform-set sol__home_porta_cuik_CuikSuite_examples_DoubleButterfly_DoubleButterfly_final_gcl_11 {-0.490259 -0.871577 0.000000 0.000000 0.871577 -0.490259 0.000000 0.000000 0.000000 0.000000 1.000000 0.000000 -2.609430 3.995163 0.000000 1.000000 })
(xform-set sol__home_porta_cuik_CuikSuite_examples_DoubleButterfly_DoubleButterfly_final_gcl_12 {-0.490259 -0.871577 0.000000 0.000000 0.871577 -0.490259 0.000000 0.000000 0.000000 0.000000 1.000000 0.000000 -2.609430 3.995163 0.000000 1.000000 })
(xform-set sol__home_porta_cuik_CuikSuite_examples_DoubleButterfly_DoubleButterfly_final_gcl_13 {0.006777 -0.999977 0.000000 0.000000 0.999977 0.006777 0.000000 0.000000 -0.000000 0.000000 1.000000 0.000000 -3.923094 5.286981 0.000000 1.000000 })
(xform-set sol__home_porta_cuik_CuikSuite_examples_DoubleButterfly_DoubleButterfly_final_gcl_14 {0.006777 -0.999977 0.000000 0.000000 0.999977 0.006777 0.000000 0.000000 -0.000000 0.000000 1.000000 0.000000 -3.923094 5.286981 0.000000 1.000000 })
(xform-set sol__home_porta_cuik_CuikSuite_examples_DoubleButterfly_DoubleButterfly_final_gcl_15 {0.006777 -0.999977 0.000000 0.000000 0.999977 0.006777 0.000000 0.000000 -0.000000 0.000000 1.000000 0.000000 -3.923094 5.286981 0.000000 1.000000 })
(xform-set sol__home_porta_cuik_CuikSuite_examples_DoubleButterfly_DoubleButterfly_final_gcl_16 {0.986621 -0.163032 0.000000 0.000000 0.163032 0.986621 0.000000 0.000000 -0.000000 0.000000 1.000000 0.000000 -13.000000 0.000000 0.000000 1.000000 })
(xform-set sol__home_porta_cuik_CuikSuite_examples_DoubleButterfly_DoubleButterfly_final_gcl_17 {0.986621 -0.163032 0.000000 0.000000 0.163032 0.986621 0.000000 0.000000 -0.000000 0.000000 1.000000 0.000000 -13.000000 0.000000 0.000000 1.000000 })
(xform-set sol__home_porta_cuik_CuikSuite_examples_DoubleButterfly_DoubleButterfly_final_gcl_18 {0.986621 -0.163032 0.000000 0.000000 0.163032 0.986621 0.000000 0.000000 -0.000000 0.000000 1.000000 0.000000 -13.000000 0.000000 0.000000 1.000000 })
)
)
(sleep-for 0.100000)
(progn 
(xform-set sol__home_porta_cuik_CuikSuite_examples_DoubleButterfly_DoubleButterfly_final_gcl_2 {-0.780824 -0.624751 0.000000 0.000000 0.624751 -0.780824 0.000000 0.000000 0.000000 0.000000 1.000000 0.000000 -5.600000 4.200000 0.000000 1.000000 })
(xform-set sol__home_porta_cuik_CuikSuite_examples_DoubleButterfly_DoubleButterfly_final_gcl_3 {-0.780824 -0.624751 0.000000 0.000000 0.624751 -0.780824 0.000000 0.000000 0.000000 0.000000 1.000000 0.000000 -5.600000 4.200000 0.000000 1.000000 })
(xform-set sol__home_porta_cuik_CuikSuite_examples_DoubleButterfly_DoubleButterfly_final_gcl_4 {-0.940025 -0.341104 0.000000 0.000000 0.341104 -0.940025 0.000000 0.000000 0.000000 0.000000 1.000000 0.000000 -10.035571 -4.474702 0.000000 1.000000 })
(xform-set sol__home_porta_cuik_CuikSuite_examples_DoubleButterfly_DoubleButterfly_final_gcl_5 {-0.330794 -0.943703 0.000000 0.000000 0.943703 -0.330794 0.000000 0.000000 0.000000 0.000000 1.000000 0.000000 -5.843029 -7.227900 0.000000 1.000000 })
(xform-set sol__home_porta_cuik_CuikSuite_examples_DoubleButterfly_DoubleButterfly_final_gcl_6 {-0.330794 -0.943703 0.000000 0.000000 0.943703 -0.330794 0.000000 0.000000 0.000000 0.000000 1.000000 0.000000 -5.843029 -7.227900 0.000000 1.000000 })
(xform-set sol__home_porta_cuik_CuikSuite_examples_DoubleButterfly_DoubleButterfly_final_gcl_7 {-0.913323 -0.407236 0.000000 0.000000 0.407236 -0.913323 0.000000 0.000000 0.000000 0.000000 1.000000 0.000000 0.000000 0.000000 0.000000 1.000000 })
(xform-set sol__home_porta_cuik_CuikSuite_examples_DoubleButterfly_DoubleButterfly_final_gcl_8 {-0.913323 -0.407236 0.000000 0.000000 0.407236 -0.913323 0.000000 0.000000 0.000000 0.000000 1.000000 0.000000 0.000000 0.000000 0.000000 1.000000 })
(xform-set sol__home_porta_cuik_CuikSuite_examples_DoubleButterfly_DoubleButterfly_final_gcl_9 {-0.913323 -0.407236 0.000000 0.000000 0.407236 -0.913323 0.000000 0.000000 0.000000 0.000000 1.000000 0.000000 0.000000 0.000000 0.000000 1.000000 })
(xform-set sol__home_porta_cuik_CuikSuite_examples_DoubleButterfly_DoubleButterfly_final_gcl_10 {-0.512630 -0.858610 0.000000 0.000000 0.858610 -0.512630 0.000000 0.000000 0.000000 0.000000 1.000000 0.000000 -2.612862 4.293562 0.000000 1.000000 })
(xform-set sol__home_porta_cuik_CuikSuite_examples_DoubleButterfly_DoubleButterfly_final_gcl_11 {-0.512630 -0.858610 0.000000 0.000000 0.858610 -0.512630 0.000000 0.000000 0.000000 0.000000 1.000000 0.000000 -2.612862 4.293562 0.000000 1.000000 })
(xform-set sol__home_porta_cuik_CuikSuite_examples_DoubleButterfly_DoubleButterfly_final_gcl_12 {-0.512630 -0.858610 0.000000 0.000000 0.858610 -0.512630 0.000000 0.000000 0.000000 0.000000 1.000000 0.000000 -2.612862 4.293562 0.000000 1.000000 })
(xform-set sol__home_porta_cuik_CuikSuite_examples_DoubleButterfly_DoubleButterfly_final_gcl_13 {0.026583 -0.999647 0.000000 0.000000 0.999647 0.026583 0.000000 0.000000 -0.000000 0.000000 1.000000 0.000000 -4.044284 5.444755 0.000000 1.000000 })
(xform-set sol__home_porta_cuik_CuikSuite_examples_DoubleButterfly_DoubleButterfly_final_gcl_14 {0.026583 -0.999647 0.000000 0.000000 0.999647 0.026583 0.000000 0.000000 -0.000000 0.000000 1.000000 0.000000 -4.044284 5.444755 0.000000 1.000000 })
(xform-set sol__home_porta_cuik_CuikSuite_examples_DoubleButterfly_DoubleButterfly_final_gcl_15 {0.026583 -0.999647 0.000000 0.000000 0.999647 0.026583 0.000000 0.000000 -0.000000 0.000000 1.000000 0.000000 -4.044284 5.444755 0.000000 1.000000 })
(xform-set sol__home_porta_cuik_CuikSuite_examples_DoubleButterfly_DoubleButterfly_final_gcl_16 {0.985627 -0.168937 0.000000 0.000000 0.168937 0.985627 0.000000 0.000000 -0.000000 0.000000 1.000000 0.000000 -13.000000 0.000000 0.000000 1.000000 })
(xform-set sol__home_porta_cuik_CuikSuite_examples_DoubleButterfly_DoubleButterfly_final_gcl_17 {0.985627 -0.168937 0.000000 0.000000 0.168937 0.985627 0.000000 0.000000 -0.000000 0.000000 1.000000 0.000000 -13.000000 0.000000 0.000000 1.000000 })
(xform-set sol__home_porta_cuik_CuikSuite_examples_DoubleButterfly_DoubleButterfly_final_gcl_18 {0.985627 -0.168937 0.000000 0.000000 0.168937 0.985627 0.000000 0.000000 -0.000000 0.000000 1.000000 0.000000 -13.000000 0.000000 0.000000 1.000000 })
)
(sleep-for 0.100000)
(progn 
(xform-set sol__home_porta_cuik_CuikSuite_examples_DoubleButterfly_DoubleButterfly_final_gcl_2 {-0.708109 -0.706103 0.000000 0.000000 0.706103 -0.708109 0.000000 0.000000 0.000000 0.000000 1.000000 0.000000 -5.600000 4.200000 0.000000 1.000000 })
(xform-set sol__home_porta_cuik_CuikSuite_examples_DoubleButterfly_DoubleButterfly_final_gcl_3 {-0.708109 -0.706103 0.000000 0.000000 0.706103 -0.708109 0.000000 0.000000 0.000000 0.000000 1.000000 0.000000 -5.600000 4.200000 0.000000 1.000000 })
(xform-set sol__home_porta_cuik_CuikSuite_examples_DoubleButterfly_DoubleButterfly_final_gcl_4 {-0.960134 -0.279541 0.000000 0.000000 0.279541 -0.960134 0.000000 0.000000 0.000000 0.000000 1.000000 0.000000 -10.309335 -3.831366 0.000000 1.000000 })
(xform-set sol__home_porta_cuik_CuikSuite_examples_DoubleButterfly_DoubleButterfly_final_gcl_5 {-0.416492 -0.909139 0.000000 0.000000 0.909139 -0.416492 0.000000 0.000000 0.000000 0.000000 1.000000 0.000000 -6.313244 -6.825394 0.000000 1.000000 })
(xform-set sol__home_porta_cuik_CuikSuite_examples_DoubleButterfly_DoubleButterfly_final_gcl_6 {-0.416492 -0.909139 0.000000 0.000000 0.909139 -0.416492 0.000000 0.000000 0.000000 0.000000 1.000000 0.000000 -6.313244 -6.825394 0.000000 1.000000 })
(xform-set sol__home_porta_cuik_CuikSuite_examples_DoubleButterfly_DoubleButterfly_final_gcl_7 {-0.937360 -0.348361 0.000000 0.000000 0.348361 -0.937360 0.000000 0.000000 0.000000 0.000000 1.000000 0.000000 0.000000 0.000000 0.000000 1.000000 })
(xform-set sol__home_porta_cuik_CuikSuite_examples_DoubleButterfly_DoubleButterfly_final_gcl_8 {-0.937360 -0.348361 0.000000 0.000000 0.348361 -0.937360 0.000000 0.000000 0.000000 0.000000 1.000000 0.000000 0.000000 0.000000 0.000000 1.000000 })
(xform-set sol__home_porta_cuik_CuikSuite_examples_DoubleButterfly_DoubleButterfly_final_gcl_9 {-0.937360 -0.348361 0.000000 0.000000 0.348361 -0.937360 0.000000 0.000000 0.000000 0.000000 1.000000 0.000000 0.000000 0.000000 0.000000 1.000000 })
(xform-set sol__home_porta_cuik_CuikSuite_examples_DoubleButterfly_DoubleButterfly_final_gcl_10 {-0.532842 -0.846214 0.000000 0.000000 0.846214 -0.532842 0.000000 0.000000 0.000000 0.000000 1.000000 0.000000 -2.633879 4.619441 0.000000 1.000000 })
(xform-set sol__home_porta_cuik_CuikSuite_examples_DoubleButterfly_DoubleButterfly_final_gcl_11 {-0.532842 -0.846214 0.000000 0.000000 0.846214 -0.532842 0.000000 0.000000 0.000000 0.000000 1.000000 0.000000 -2.633879 4.619441 0.000000 1.000000 })
(xform-set sol__home_porta_cuik_CuikSuite_examples_DoubleButterfly_DoubleButterfly_final_gcl_12 {-0.532842 -0.846214 0.000000 0.000000 0.846214 -0.532842 0.000000 0.000000 0.000000 0.000000 1.000000 0.000000 -2.633879 4.619441 0.000000 1.000000 })
(xform-set sol__home_porta_cuik_CuikSuite_examples_DoubleButterfly_DoubleButterfly_final_gcl_13 {0.052823 -0.998604 0.000000 0.000000 0.998604 0.052823 0.000000 0.000000 -0.000000 0.000000 1.000000 0.000000 -4.185845 5.610150 0.000000 1.000000 })
(xform-set sol__home_porta_cuik_CuikSuite_examples_DoubleButterfly_DoubleButterfly_final_gcl_14 {0.052823 -0.998604 0.000000 0.000000 0.998604 0.052823 0.000000 0.000000 -0.000000 0.000000 1.000000 0.000000 -4.185845 5.610150 0.000000 1.000000 })
(xform-set sol__home_porta_cuik_CuikSuite_examples_DoubleButterfly_DoubleButterfly_final_gcl_15 {0.052823 -0.998604 0.000000 0.000000 0.998604 0.052823 0.000000 0.000000 -0.000000 0.000000 1.000000 0.000000 -4.185845 5.610150 0.000000 1.000000 })
(xform-set sol__home_porta_cuik_CuikSuite_examples_DoubleButterfly_DoubleButterfly_final_gcl_16 {0.984917 -0.173028 0.000000 0.000000 0.173028 0.984917 0.000000 0.000000 -0.000000 0.000000 1.000000 0.000000 -13.000000 0.000000 0.000000 1.000000 })
(xform-set sol__home_porta_cuik_CuikSuite_examples_DoubleButterfly_DoubleButterfly_final_gcl_17 {0.984917 -0.173028 0.000000 0.000000 0.173028 0.984917 0.000000 0.000000 -0.000000 0.000000 1.000000 0.000000 -13.000000 0.000000 0.000000 1.000000 })
(xform-set sol__home_porta_cuik_CuikSuite_examples_DoubleButterfly_DoubleButterfly_final_gcl_18 {0.984917 -0.173028 0.000000 0.000000 0.173028 0.984917 0.000000 0.000000 -0.000000 0.000000 1.000000 0.000000 -13.000000 0.000000 0.000000 1.000000 })
)
(sleep-for 0.100000)
(progn 
(xform-set sol__home_porta_cuik_CuikSuite_examples_DoubleButterfly_DoubleButterfly_final_gcl_2 {-0.619391 -0.785082 0.000000 0.000000 0.785082 -0.619391 0.000000 0.000000 0.000000 0.000000 1.000000 0.000000 -5.600000 4.200000 0.000000 1.000000 })
(xform-set sol__home_porta_cuik_CuikSuite_examples_DoubleButterfly_DoubleButterfly_final_gcl_3 {-0.619391 -0.785082 0.000000 0.000000 0.785082 -0.619391 0.000000 0.000000 0.000000 0.000000 1.000000 0.000000 -5.600000 4.200000 0.000000 1.000000 })
(xform-set sol__home_porta_cuik_CuikSuite_examples_DoubleButterfly_DoubleButterfly_final_gcl_4 {-0.970931 -0.239361 0.000000 0.000000 0.239361 -0.970931 0.000000 0.000000 0.000000 0.000000 1.000000 0.000000 -10.485770 -3.318919 0.000000 1.000000 })
(xform-set sol__home_porta_cuik_CuikSuite_examples_DoubleButterfly_DoubleButterfly_final_gcl_5 {-0.475040 -0.879964 0.000000 0.000000 0.879964 -0.475040 0.000000 0.000000 0.000000 0.000000 1.000000 0.000000 -6.615259 -6.483300 0.000000 1.000000 })
(xform-set sol__home_porta_cuik_CuikSuite_examples_DoubleButterfly_DoubleButterfly_final_gcl_6 {-0.475040 -0.879964 0.000000 0.000000 0.879964 -0.475040 0.000000 0.000000 0.000000 0.000000 1.000000 0.000000 -6.615259 -6.483300 0.000000 1.000000 })
(xform-set sol__home_porta_cuik_CuikSuite_examples_DoubleButterfly_DoubleButterfly_final_gcl_7 {-0.953383 -0.301762 0.000000 0.000000 0.301762 -0.953383 0.000000 0.000000 0.000000 0.000000 1.000000 0.000000 0.000000 0.000000 0.000000 1.000000 })
(xform-set sol__home_porta_cuik_CuikSuite_examples_DoubleButterfly_DoubleButterfly_final_gcl_8 {-0.953383 -0.301762 0.000000 0.000000 0.301762 -0.953383 0.000000 0.000000 0.000000 0.000000 1.000000 0.000000 0.000000 0.000000 0.000000 1.000000 })
(xform-set sol__home_porta_cuik_CuikSuite_examples_DoubleButterfly_DoubleButterfly_final_gcl_9 {-0.953383 -0.301762 0.000000 0.000000 0.301762 -0.953383 0.000000 0.000000 0.000000 0.000000 1.000000 0.000000 0.000000 0.000000 0.000000 1.000000 })
(xform-set sol__home_porta_cuik_CuikSuite_examples_DoubleButterfly_DoubleButterfly_final_gcl_10 {-0.540994 -0.841026 0.000000 0.000000 0.841026 -0.540994 0.000000 0.000000 0.000000 0.000000 1.000000 0.000000 -2.703992 4.968318 0.000000 1.000000 })
(xform-set sol__home_porta_cuik_CuikSuite_examples_DoubleButterfly_DoubleButterfly_final_gcl_11 {-0.540994 -0.841026 0.000000 0.000000 0.841026 -0.540994 0.000000 0.000000 0.000000 0.000000 1.000000 0.000000 -2.703992 4.968318 0.000000 1.000000 })
(xform-set sol__home_porta_cuik_CuikSuite_examples_DoubleButterfly_DoubleButterfly_final_gcl_12 {-0.540994 -0.841026 0.000000 0.000000 0.841026 -0.540994 0.000000 0.000000 0.000000 0.000000 1.000000 0.000000 -2.703992 4.968318 0.000000 1.000000 })
(xform-set sol__home_porta_cuik_CuikSuite_examples_DoubleButterfly_DoubleButterfly_final_gcl_13 {0.085244 -0.996360 0.000000 0.000000 0.996360 0.085244 0.000000 0.000000 -0.000000 0.000000 1.000000 0.000000 -4.362789 5.768173 0.000000 1.000000 })
(xform-set sol__home_porta_cuik_CuikSuite_examples_DoubleButterfly_DoubleButterfly_final_gcl_14 {0.085244 -0.996360 0.000000 0.000000 0.996360 0.085244 0.000000 0.000000 -0.000000 0.000000 1.000000 0.000000 -4.362789 5.768173 0.000000 1.000000 })
(xform-set sol__home_porta_cuik_CuikSuite_examples_DoubleButterfly_DoubleButterfly_final_gcl_15 {0.085244 -0.996360 0.000000 0.000000 0.996360 0.085244 0.000000 0.000000 -0.000000 0.000000 1.000000 0.000000 -4.362789 5.768173 0.000000 1.000000 })
(xform-set sol__home_porta_cuik_CuikSuite_examples_DoubleButterfly_DoubleButterfly_final_gcl_16 {0.984890 -0.173180 0.000000 0.000000 0.173180 0.984890 0.000000 0.000000 -0.000000 0.000000 1.000000 0.000000 -13.000000 0.000000 0.000000 1.000000 })
(xform-set sol__home_porta_cuik_CuikSuite_examples_DoubleButterfly_DoubleButterfly_final_gcl_17 {0.984890 -0.173180 0.000000 0.000000 0.173180 0.984890 0.000000 0.000000 -0.000000 0.000000 1.000000 0.000000 -13.000000 0.000000 0.000000 1.000000 })
(xform-set sol__home_porta_cuik_CuikSuite_examples_DoubleButterfly_DoubleButterfly_final_gcl_18 {0.984890 -0.173180 0.000000 0.000000 0.173180 0.984890 0.000000 0.000000 -0.000000 0.000000 1.000000 0.000000 -13.000000 0.000000 0.000000 1.000000 })
)
(sleep-for 0.100000)
(progn 
(xform-set sol__home_porta_cuik_CuikSuite_examples_DoubleButterfly_DoubleButterfly_final_gcl_2 {-0.540131 -0.841581 0.000000 0.000000 0.841581 -0.540131 0.000000 0.000000 0.000000 0.000000 1.000000 0.000000 -5.600000 4.200000 0.000000 1.000000 })
(xform-set sol__home_porta_cuik_CuikSuite_examples_DoubleButterfly_DoubleButterfly_final_gcl_3 {-0.540131 -0.841581 0.000000 0.000000 0.841581 -0.540131 0.000000 0.000000 0.000000 0.000000 1.000000 0.000000 -5.600000 4.200000 0.000000 1.000000 })
(xform-set sol__home_porta_cuik_CuikSuite_examples_DoubleButterfly_DoubleButterfly_final_gcl_4 {-0.976123 -0.217217 0.000000 0.000000 0.217217 -0.976123 0.000000 0.000000 0.000000 0.000000 1.000000 0.000000 -10.588871 -2.974537 0.000000 1.000000 })
(xform-set sol__home_porta_cuik_CuikSuite_examples_DoubleButterfly_DoubleButterfly_final_gcl_5 {-0.511559 -0.859248 0.000000 0.000000 0.859248 -0.511559 0.000000 0.000000 0.000000 0.000000 1.000000 0.000000 -6.791830 -6.227004 0.000000 1.000000 })
(xform-set sol__home_porta_cuik_CuikSuite_examples_DoubleButterfly_DoubleButterfly_final_gcl_6 {-0.511559 -0.859248 0.000000 0.000000 0.859248 -0.511559 0.000000 0.000000 0.000000 0.000000 1.000000 0.000000 -6.791830 -6.227004 0.000000 1.000000 })
(xform-set sol__home_porta_cuik_CuikSuite_examples_DoubleButterfly_DoubleButterfly_final_gcl_7 {-0.962736 -0.270444 0.000000 0.000000 0.270444 -0.962736 0.000000 0.000000 0.000000 0.000000 1.000000 0.000000 0.000000 0.000000 0.000000 1.000000 })
(xform-set sol__home_porta_cuik_CuikSuite_examples_DoubleButterfly_DoubleButterfly_final_gcl_8 {-0.962736 -0.270444 0.000000 0.000000 0.270444 -0.962736 0.000000 0.000000 0.000000 0.000000 1.000000 0.000000 0.000000 0.000000 0.000000 1.000000 })
(xform-set sol__home_porta_cuik_CuikSuite_examples_DoubleButterfly_DoubleButterfly_final_gcl_9 {-0.962736 -0.270444 0.000000 0.000000 0.270444 -0.962736 0.000000 0.000000 0.000000 0.000000 1.000000 0.000000 0.000000 0.000000 0.000000 1.000000 })
(xform-set sol__home_porta_cuik_CuikSuite_examples_DoubleButterfly_DoubleButterfly_final_gcl_10 {-0.541005 -0.841019 0.000000 0.000000 0.841019 -0.541005 0.000000 0.000000 0.000000 0.000000 1.000000 0.000000 -2.791943 5.246400 0.000000 1.000000 })
(xform-set sol__home_porta_cuik_CuikSuite_examples_DoubleButterfly_DoubleButterfly_final_gcl_11 {-0.541005 -0.841019 0.000000 0.000000 0.841019 -0.541005 0.000000 0.000000 0.000000 0.000000 1.000000 0.000000 -2.791943 5.246400 0.000000 1.000000 })
(xform-set sol__home_porta_cuik_CuikSuite_examples_DoubleButterfly_DoubleButterfly_final_gcl_12 {-0.541005 -0.841019 0.000000 0.000000 0.841019 -0.541005 0.000000 0.000000 0.000000 0.000000 1.000000 0.000000 -2.791943 5.246400 0.000000 1.000000 })
(xform-set sol__home_porta_cuik_CuikSuite_examples_DoubleButterfly_DoubleButterfly_final_gcl_13 {0.113974 -0.993484 0.000000 0.000000 0.993484 0.113974 0.000000 0.000000 -0.000000 0.000000 1.000000 0.000000 -4.520930 5.881303 0.000000 1.000000 })
(xform-set sol__home_porta_cuik_CuikSuite_examples_DoubleButterfly_DoubleButterfly_final_gcl_14 {0.113974 -0.993484 0.000000 0.000000 0.993484 0.113974 0.000000 0.000000 -0.000000 0.000000 1.000000 0.000000 -4.520930 5.881303 0.000000 1.000000 })
(xform-set sol__home_porta_cuik_CuikSuite_examples_DoubleButterfly_DoubleButterfly_final_gcl_15 {0.113974 -0.993484 0.000000 0.000000 0.993484 0.113974 0.000000 0.000000 -0.000000 0.000000 1.000000 0.000000 -4.520930 5.881303 0.000000 1.000000 })
(xform-set sol__home_porta_cuik_CuikSuite_examples_DoubleButterfly_DoubleButterfly_final_gcl_16 {0.985253 -0.171104 0.000000 0.000000 0.171104 0.985253 0.000000 0.000000 -0.000000 0.000000 1.000000 0.000000 -13.000000 0.000000 0.000000 1.000000 })
(xform-set sol__home_porta_cuik_CuikSuite_examples_DoubleButterfly_DoubleButterfly_final_gcl_17 {0.985253 -0.171104 0.000000 0.000000 0.171104 0.985253 0.000000 0.000000 -0.000000 0.000000 1.000000 0.000000 -13.000000 0.000000 0.000000 1.000000 })
(xform-set sol__home_porta_cuik_CuikSuite_examples_DoubleButterfly_DoubleButterfly_final_gcl_18 {0.985253 -0.171104 0.000000 0.000000 0.171104 0.985253 0.000000 0.000000 -0.000000 0.000000 1.000000 0.000000 -13.000000 0.000000 0.000000 1.000000 })
)
(sleep-for 0.100000)
(progn 
(xform-set sol__home_porta_cuik_CuikSuite_examples_DoubleButterfly_DoubleButterfly_final_gcl_2 {-0.469044 -0.883175 0.000000 0.000000 0.883175 -0.469044 0.000000 0.000000 0.000000 0.000000 1.000000 0.000000 -5.600000 4.200000 0.000000 1.000000 })
(xform-set sol__home_porta_cuik_CuikSuite_examples_DoubleButterfly_DoubleButterfly_final_gcl_3 {-0.469044 -0.883175 0.000000 0.000000 0.883175 -0.469044 0.000000 0.000000 0.000000 0.000000 1.000000 0.000000 -5.600000 4.200000 0.000000 1.000000 })
(xform-set sol__home_porta_cuik_CuikSuite_examples_DoubleButterfly_DoubleButterfly_final_gcl_4 {-0.978911 -0.204287 0.000000 0.000000 0.204287 -0.978911 0.000000 0.000000 0.000000 0.000000 1.000000 0.000000 -10.655271 -2.730930 0.000000 1.000000 })
(xform-set sol__home_porta_cuik_CuikSuite_examples_DoubleButterfly_DoubleButterfly_final_gcl_5 {-0.535431 -0.844579 0.000000 0.000000 0.844579 -0.535431 0.000000 0.000000 0.000000 0.000000 1.000000 0.000000 -6.901267 -6.033025 0.000000 1.000000 })
(xform-set sol__home_porta_cuik_CuikSuite_examples_DoubleButterfly_DoubleButterfly_final_gcl_6 {-0.535431 -0.844579 0.000000 0.000000 0.844579 -0.535431 0.000000 0.000000 0.000000 0.000000 1.000000 0.000000 -6.901267 -6.033025 0.000000 1.000000 })
(xform-set sol__home_porta_cuik_CuikSuite_examples_DoubleButterfly_DoubleButterfly_final_gcl_7 {-0.968690 -0.248274 0.000000 0.000000 0.248274 -0.968690 0.000000 0.000000 0.000000 0.000000 1.000000 0.000000 0.000000 0.000000 0.000000 1.000000 })
(xform-set sol__home_porta_cuik_CuikSuite_examples_DoubleButterfly_DoubleButterfly_final_gcl_8 {-0.968690 -0.248274 0.000000 0.000000 0.248274 -0.968690 0.000000 0.000000 0.000000 0.000000 1.000000 0.000000 0.000000 0.000000 0.000000 1.000000 })
(xform-set sol__home_porta_cuik_CuikSuite_examples_DoubleButterfly_DoubleButterfly_final_gcl_9 {-0.968690 -0.248274 0.000000 0.000000 0.248274 -0.968690 0.000000 0.000000 0.000000 0.000000 1.000000 0.000000 0.000000 0.000000 0.000000 1.000000 })
(xform-set sol__home_porta_cuik_CuikSuite_examples_DoubleButterfly_DoubleButterfly_final_gcl_10 {-0.537040 -0.843557 0.000000 0.000000 0.843557 -0.537040 0.000000 0.000000 0.000000 0.000000 1.000000 0.000000 -2.886281 5.474543 0.000000 1.000000 })
(xform-set sol__home_porta_cuik_CuikSuite_examples_DoubleButterfly_DoubleButterfly_final_gcl_11 {-0.537040 -0.843557 0.000000 0.000000 0.843557 -0.537040 0.000000 0.000000 0.000000 0.000000 1.000000 0.000000 -2.886281 5.474543 0.000000 1.000000 })
(xform-set sol__home_porta_cuik_CuikSuite_examples_DoubleButterfly_DoubleButterfly_final_gcl_12 {-0.537040 -0.843557 0.000000 0.000000 0.843557 -0.537040 0.000000 0.000000 0.000000 0.000000 1.000000 0.000000 -2.886281 5.474543 0.000000 1.000000 })
(xform-set sol__home_porta_cuik_CuikSuite_examples_DoubleButterfly_DoubleButterfly_final_gcl_13 {0.139084 -0.990281 0.000000 0.000000 0.990281 0.139084 0.000000 0.000000 -0.000000 0.000000 1.000000 0.000000 -4.662500 5.965244 0.000000 1.000000 })
(xform-set sol__home_porta_cuik_CuikSuite_examples_DoubleButterfly_DoubleButterfly_final_gcl_14 {0.139084 -0.990281 0.000000 0.000000 0.990281 0.139084 0.000000 0.000000 -0.000000 0.000000 1.000000 0.000000 -4.662500 5.965244 0.000000 1.000000 })
(xform-set sol__home_porta_cuik_CuikSuite_examples_DoubleButterfly_DoubleButterfly_final_gcl_15 {0.139084 -0.990281 0.000000 0.000000 0.990281 0.139084 0.000000 0.000000 -0.000000 0.000000 1.000000 0.000000 -4.662500 5.965244 0.000000 1.000000 })
(xform-set sol__home_porta_cuik_CuikSuite_examples_DoubleButterfly_DoubleButterfly_final_gcl_16 {0.985764 -0.168136 0.000000 0.000000 0.168136 0.985764 0.000000 0.000000 -0.000000 0.000000 1.000000 0.000000 -13.000000 0.000000 0.000000 1.000000 })
(xform-set sol__home_porta_cuik_CuikSuite_examples_DoubleButterfly_DoubleButterfly_final_gcl_17 {0.985764 -0.168136 0.000000 0.000000 0.168136 0.985764 0.000000 0.000000 -0.000000 0.000000 1.000000 0.000000 -13.000000 0.000000 0.000000 1.000000 })
(xform-set sol__home_porta_cuik_CuikSuite_examples_DoubleButterfly_DoubleButterfly_final_gcl_18 {0.985764 -0.168136 0.000000 0.000000 0.168136 0.985764 0.000000 0.000000 -0.000000 0.000000 1.000000 0.000000 -13.000000 0.000000 0.000000 1.000000 })
)
(sleep-for 0.100000)
(progn 
(xform-set sol__home_porta_cuik_CuikSuite_examples_DoubleButterfly_DoubleButterfly_final_gcl_2 {-0.406488 -0.913656 0.000000 0.000000 0.913656 -0.406488 0.000000 0.000000 0.000000 0.000000 1.000000 0.000000 -5.600000 4.200000 0.000000 1.000000 })
(xform-set sol__home_porta_cuik_CuikSuite_examples_DoubleButterfly_DoubleButterfly_final_gcl_3 {-0.406488 -0.913656 0.000000 0.000000 0.913656 -0.406488 0.000000 0.000000 0.000000 0.000000 1.000000 0.000000 -5.600000 4.200000 0.000000 1.000000 })
(xform-set sol__home_porta_cuik_CuikSuite_examples_DoubleButterfly_DoubleButterfly_final_gcl_4 {-0.980379 -0.197120 0.000000 0.000000 0.197120 -0.980379 0.000000 0.000000 0.000000 0.000000 1.000000 0.000000 -10.697567 -2.559849 0.000000 1.000000 })
(xform-set sol__home_porta_cuik_CuikSuite_examples_DoubleButterfly_DoubleButterfly_final_gcl_5 {-0.550867 -0.834593 0.000000 0.000000 0.834593 -0.550867 0.000000 0.000000 0.000000 0.000000 1.000000 0.000000 -6.967949 -5.889925 0.000000 1.000000 })
(xform-set sol__home_porta_cuik_CuikSuite_examples_DoubleButterfly_DoubleButterfly_final_gcl_6 {-0.550867 -0.834593 0.000000 0.000000 0.834593 -0.550867 0.000000 0.000000 0.000000 0.000000 1.000000 0.000000 -6.967949 -5.889925 0.000000 1.000000 })
(xform-set sol__home_porta_cuik_CuikSuite_examples_DoubleButterfly_DoubleButterfly_final_gcl_7 {-0.972543 -0.232722 0.000000 0.000000 0.232722 -0.972543 0.000000 0.000000 0.000000 0.000000 1.000000 0.000000 0.000000 0.000000 0.000000 1.000000 })
(xform-set sol__home_porta_cuik_CuikSuite_examples_DoubleButterfly_DoubleButterfly_final_gcl_8 {-0.972543 -0.232722 0.000000 0.000000 0.232722 -0.972543 0.000000 0.000000 0.000000 0.000000 1.000000 0.000000 0.000000 0.000000 0.000000 1.000000 })
(xform-set sol__home_porta_cuik_CuikSuite_examples_DoubleButterfly_DoubleButterfly_final_gcl_9 {-0.972543 -0.232722 0.000000 0.000000 0.232722 -0.972543 0.000000 0.000000 0.000000 0.000000 1.000000 0.000000 0.000000 0.000000 0.000000 1.000000 })
(xform-set sol__home_porta_cuik_CuikSuite_examples_DoubleButterfly_DoubleButterfly_final_gcl_10 {-0.530703 -0.847558 0.000000 0.000000 0.847558 -0.530703 0.000000 0.000000 0.000000 0.000000 1.000000 0.000000 -2.981381 5.660242 0.000000 1.000000 })
(xform-set sol__home_porta_cuik_CuikSuite_examples_DoubleButterfly_DoubleButterfly_final_gcl_11 {-0.530703 -0.847558 0.000000 0.000000 0.847558 -0.530703 0.000000 0.000000 0.000000 0.000000 1.000000 0.000000 -2.981381 5.660242 0.000000 1.000000 })
(xform-set sol__home_porta_cuik_CuikSuite_examples_DoubleButterfly_DoubleButterfly_final_gcl_12 {-0.530703 -0.847558 0.000000 0.000000 0.847558 -0.530703 0.000000 0.000000 0.000000 0.000000 1.000000 0.000000 -2.981381 5.660242 0.000000 1.000000 })
(xform-set sol__home_porta_cuik_CuikSuite_examples_DoubleButterfly_DoubleButterfly_final_gcl_13 {0.160663 -0.987009 0.000000 0.000000 0.987009 0.160663 0.000000 0.000000 -0.000000 0.000000 1.000000 0.000000 -4.787500 6.026243 0.000000 1.000000 })
(xform-set sol__home_porta_cuik_CuikSuite_examples_DoubleButterfly_DoubleButterfly_final_gcl_14 {0.160663 -0.987009 0.000000 0.000000 0.987009 0.160663 0.000000 0.000000 -0.000000 0.000000 1.000000 0.000000 -4.787500 6.026243 0.000000 1.000000 })
