% Kinematic equations
[CONSTANTS]
    d_link_14_link_15_0_17 := 1.1528620341867939 

[SYSTEM VARS]
   d_link_0_link_1_0_0 ~ [-3.14159265359,3.14159265359]
   d_link_0_link_5_0_1 ~ [-3.14159265359,3.14159265359]
   d_link_1_link_2_0_2 ~ [-3.14159265359,3.14159265359]
   d_link_2_link_3_0_3 ~ [-3.14159265359,3.14159265359]
   d_link_2_link_14_0_4 ~ [-3.14159265359,3.14159265359]
   d_link_3_link_4_0_5 ~ [-3.14159265359,3.14159265359]
   d_link_4_link_5_0_6 ~ [-3.14159265359,3.14159265359]
   d_link_5_link_12_0_7 ~ [-3.14159265359,3.14159265359]
   d_link_6_link_7_0_8 ~ [-3.14159265359,3.14159265359]
   d_link_6_link_11_0_9 ~ [-3.14159265359,3.14159265359]
   d_link_7_link_8_0_10 ~ [-3.14159265359,3.14159265359]
   d_link_8_link_9_0_11 ~ [-3.14159265359,3.14159265359]
   d_link_8_link_15_0_12 ~ [-3.14159265359,3.14159265359]
   d_link_9_link_10_0_13 ~ [-3.14159265359,3.14159265359]
   d_link_10_link_11_0_14 ~ [-3.14159265359,3.14159265359]
   d_link_11_link_13_0_15 ~ [-3.14159265359,3.14159265359]
   d_link_12_link_13_0_16 ~ [-3.14159265359,3.14159265359]
%   d_link_14_link_15_0_17 ~ [-3.14159265359,3.14159265359]

[SYSTEM EQS]

Rx(d_link_0_link_1_0_0)*T(0.2351977501341285,-0.9461307449427879,-0.2225278225432707,1.8521769674462505;0.9719475388784334,0.2289504460292721,0.0538486297982900,0;0,-0.2289504460292721,0.9734380788026515,0)*Rx(d_link_1_link_2_0_2)*T(0.1466558249511420,-0.9787184684177920,-0.1435347643807295,1.3919958872802418;0.9891875802940006,0.1451036863383069,0.0212803008233962,0;0,-0.1451036863383069,0.9894164543866421,0)*Rx(d_link_2_link_3_0_3)*T(0.6064634794617130,-0.6798560625328238,-0.4123078732167962,1.0493159514287951;0.7951113431961543,0.5185536299349206,0.3144838386978334,0;0,-0.5185536299349206,0.8550451057583557,0)*Rx(d_link_3_link_4_0_5)*T(0.2351977501341280,-0.9461307449427880,-0.2225278225432702,1.8521769674462500;0.9719475388784337,0.2289504460292716,0.0538486297982898,0;0,-0.2289504460292716,0.9734380788026517,0)*Rx(d_link_4_link_5_0_6)*T(-0.1466558249511429,-0.9787184684177918,0.1435347643807303,1.5458841837714250;-0.9891875802940006,0.1451036863383078,-0.0212803008233964,1.0379703069577475;0,-0.1451036863383078,-0.9894164543866421,0)*Rx(d_link_0_link_5_0_1)^-1*T(-0.6064634794617122,0.7951113431961546,0,0;0.6798560625328244,0.5185536299349202,0.5185536299349202,0;0.4123078732167961,0.3144838386978328,-0.8550451057583557,0)=Id;
T(-0.1847804359739214,-0.9664196806589946,0.1785754499259470,1.7211904426743947;-0.9827798280801695,0.1817044314745335,-0.0335754240662578,1.4071804599327009;0,-0.1817044314745335,-0.9833531916775968,0)*Rx(d_link_6_link_11_0_9)^-1*T(-0.1053850490149754,0.9944314915790385,0,0;0.9889549838728797,0.1048046751652615,0.1048046751652615,0;0.1042210694490476,0.0110448458292897,-0.9944928255465214,0)*Rx(d_link_6_link_7_0_8)*T(0.5811508611278406,-0.7036070917477251,-0.4089018672648460,1.6563441674807706;0.8137958445521636,0.5024624664799892,0.2920064950792645,0;0,-0.5024624664799892,0.8645990225409961,0)*Rx(d_link_7_link_8_0_10)*T(0.1847804359739222,-0.9664196806589944,-0.1785754499259476,1.4566149889959374;0.9827798280801694,0.1817044314745342,0.0335754240662581,0;0,-0.1817044314745342,0.9833531916775968,0)*Rx(d_link_8_link_9_0_11)*T(0.1053850490149748,-0.9889549838728801,-0.1042210694490471,1.4318369381691367;0.9944314915790385,0.1048046751652610,0.0110448458292895,0;0,-0.1048046751652610,0.9944928255465216,0)*Rx(d_link_9_link_10_0_13)*T(0.5811508611278418,-0.7036070917477241,-0.4089018672648462,1.6563441674807704;0.8137958445521628,0.5024624664799899,0.2920064950792655,0;0,-0.5024624664799899,0.8645990225409956,0)*Rx(d_link_10_link_11_0_14)=Id;
Rx(d_link_0_link_1_0_0)*T(0.2351977501341285,-0.9461307449427879,-0.2225278225432707,1.8521769674462505;0.9719475388784334,0.2289504460292721,0.0538486297982900,0;0,-0.2289504460292721,0.9734380788026515,0)*Rx(d_link_1_link_2_0_2)*T(0.0200750427517212,0.9993454247346619,0.0300950946237847,1.3919958872802418;-0.9803763243716924,0.0255804814448242,-0.1954684158131463,0;-0.1961103140326041,-0.0255804814448242,0.9802481235376501,0)*Rx(d_link_2_link_14_0_4)*T(0.1910038862153822,-0.9641593634955024,-0.1841581853585902,1.5217151814638348;0.9815892804277262,0.1876122621045164,0.0358346711636215,0;0,-0.1876122621045164,0.9822431669948262,0)*Rx(d_link_14_link_15_0_17)*T(-0.7545622261521521,-0.5238334471687701,0.3952649320286229,2.6506636435964177;-0.6562285020206823,0.6023281994175946,-0.4544941070267576,0.7212181211373507;0,-0.6023281994175946,-0.7982485453706498,0)*Rx(d_link_8_link_15_0_12)^-1*T(0.5868628438611531,0.2607984948677544,-0.7665351574258770,-0.8548332148529381;-0.7778745902950908,0.4443597201441896,-0.4443597201441896,1.1330637877829031;0.2247290018409838,0.8570464305906020,0.4636467314059959,-0.3273436325436727)*Rx(d_link_7_link_8_0_10)^-1*T(0.5811508611278406,0.8137958445521636,0,-0.9625858392555262;-0.7036070917477251,0.5024624664799892,-0.5024624664799892,1.1654155026144519;-0.4089018672648460,0.2920064950792645,0.8645990225409961,0.6772822229161238)*Rx(d_link_6_link_7_0_8)^-1*T(-0.1053850490149754,0.9889549838728797,0.1042210694490476,0;0.9944314915790385,0.1048046751652615,0.0110448458292897,0;0,0.1048046751652615,-0.9944928255465214,0)*Rx(d_link_6_link_11_0_9)*T(-0.3647482720952585,-0.2929717634412963,-0.8838134666487156,1.4318369381691372;-0.3804847249302544,0.9132375737836934,-0.1457000615113865,0;0.8498176699141246,0.2831336780670400,-0.4445731078753613,0)*Rx(d_link_11_link_13_0_15)*T(-0.7545622261521528,-0.6562285020206815,0,2.4733745469568218;-0.5238334471687692,0.6023281994175950,-0.6023281994175950,0.9540962614180409;0.3952649320286227,-0.4544941070267583,-0.7982485453706496,-0.7199249989790435)*Rx(d_link_12_link_13_0_16)^-1*T(0.1910038862153826,0.9815892804277261,0,-0.2906535133725384;-0.9641593634955024,0.1876122621045169,-0.1876122621045169,1.4671759407816127;-0.1841581853585907,0.0358346711636217,0.9822431669948263,0.2802363064509981)*Rx(d_link_5_link_12_0_7)^-1*T(0.9668319621270776,-0.1334477042654260,0.2177789412128566,-1.0145122002111437;-0.1718637222187740,-0.9706541792047303,0.1682061989865393,0.1803393451960871;0.1889413083330735,-0.2000554288657986,-0.9613943038039636,-0.1982591287177204)*Rx(d_link_0_link_5_0_1)^-1*T(-0.6064634794617122,0.7951113431961546,0,0;0.6798560625328244,0.5185536299349202,0.5185536299349202,0;0.4123078732167961,0.3144838386978328,-0.8550451057583557,0)=Id;


